31	-32.32546166475127	43.178777212280416	47.845840584468895
3	1.2495361088871098	37.8715092073659	53.0403226581265
26	-34.578895068890496	59.82820391588106	53.822857215373446
30	-20.74403240536162	70.14374753277362	25.559488584474895
20	-4.2953886481344465	47.47805834478387	48.71439847796216
17	-30.225773270080158	74.38598560444953	31.27812268935056
25	-32.140318908445025	74.02812401098016	64.35087114484095
5	2.8994220183486243	57.26411447945752	50.38150791118203
23	-18.153602685231228	46.511272335488144	41.28835040609979
6	-19.998931337119263	15.188604026845633	56.472154362416106
29	-13.169885540423067	25.44250565053608	44.30229991306868
8	-25.93230074282272	30.1698455129492	39.45841146356153
16	-14.58599802176063	49.976751730959435	41.1869709664281
15	-24.156966697149823	30.643484606005185	63.7332383020881
22	-21.217807419960064	83.08962579434728	32.84461768443988
28	-4.571626382019204	53.1085916496945	34.97768675443701
4	-22.113659870129865	56.442988896103884	30.82276305194805
2	-33.44050254885303	32.34180189747948	48.216175516850775
11	-0.17943912805045234	71.2011424458459	46.03707595283794
12	-7.243761845607808	43.38711339840284	34.816862466725816
13	-17.549077678571425	75.95147704081631	59.287775892857134
1	-8.053732175964942	53.68358385302547	7.358243384459802
32	-19.435601012943163	21.366270906021388	45.83295756893641
14	-4.331221962616823	62.782989252336435	25.909628154205613
35	-21.934314463628642	51.890075148598925	39.99284899518822
19	-33.28289756248071	78.30746220302377	42.60833554458501
7	-38.44508492352514	73.09257654770576	56.10118994901675
24	-32.038329491255965	86.73512731849496	36.597401563328035
10	-8.224337684132017	52.25023792653366	50.39584635465226
18	-8.448759413663263	23.348664739107047	50.53132450242065
34	-17.66144927536232	44.64057597007947	65.41289917406887
27	-31.66999289099526	80.19841561920461	48.26253389655885
36	-22.788859732813883	48.384373097654645	49.17864957000076
33	-37.43771529535865	68.13576951476794	35.17092521097046
21	-40.6376118065214	57.19922206768659	35.66366249420491
9	-1.7700980169050715	30.793621911573464	50.15344700910273
