3	8.521516807520651	20.015260896401102	46.90000560250689
5	3.236887629986031	16.785619276734447	60.14111733664443
6	15.364446263517191	19.256499244849877	40.626275055881116
8	14.655585343814945	-0.2161021957169965	42.95613598987981
4	27.198053002979453	25.283409204955305	50.51772283205268
2	26.8644886528787	14.311962548910005	47.50261822247066
11	1.4060308320108819	19.495286556336435	46.16312956245749
12	35.037448413659476	10.729164204407846	47.795761685638176
1	8.383072991299896	12.815179695496418	70.08999948822928
7	10.531949283529224	-2.7605314764128157	49.41104814039606
10	2.1730033300957405	9.992681143332874	47.377846121826
9	2.2231403828623515	19.22151078699483	63.78103251291401
