3	14.502706601466992	6.926177689486554	11.141884352078238
17	46.12130194096703	7.201159526817504	10.574713334098998
5	18.818362640645226	5.581452753161404	22.131975107039725
6	21.260367326894745	0.8987754133246028	1.036907022425929
8	38.02000712631392	24.53851137240929	-0.20261500089078918
16	46.54115624999999	18.700066679141713	14.736324476047903
15	23.642090881412702	34.64162749276907	6.650610442989801
4	33.80437023486368	2.429071521302963	-0.02842688540068448
2	11.520645432351108	12.970665360813035	13.252677965139387
11	36.65594031386672	5.058597718892033	28.117008489837918
12	31.667848768794947	26.063393549792988	25.097951187622577
13	24.373273724673663	18.640855449667654	-1.3705952590694324
1	36.32836336089894	17.844648538602367	2.0460722492266905
14	47.2685121135327	25.967435478966046	15.375498732894071
7	41.097334501284756	35.81267312933115	11.605395079031373
10	45.441371765773944	2.106661711302769	17.71286234679982
18	55.57848177610646	28.70875108475557	14.170413942724908
9	48.81667494199536	32.382285962877035	2.7531425754060326
