31	57.49465779710885	72.90837277728028	104.72947089676344
3	43.87576923076924	66.89023390674024	102.6547340690252
26	34.74498559825839	84.00165084149708	114.25365025537972
30	42.0123502481191	52.79147350728349	89.42015911637586
20	49.127475966751	64.38093434525962	93.20341296229373
17	52.670180249071436	59.24080729735635	100.96108593693104
25	22.58737620868001	56.14410175399144	87.94803845288958
5	55.66986450167973	88.87929600597239	114.42904050018669
23	46.052495206335976	99.05009493538977	117.70543413922469
6	42.57992051796663	76.97721422483713	104.17277651004866
29	59.926898862199735	83.2531975347661	108.65786989043407
8	22.856109389971255	76.75436681571381	85.19186074736507
16	27.03048553196171	84.96344801408296	78.85664737594894
15	26.723261820330965	53.60366016548463	96.4345952718676
22	59.86434222604704	85.42349297188757	123.49420022948941
28	64.587600393473	96.75402447633378	106.88459292905914
4	39.601891358024716	70.95839425287357	113.56638518518517
2	39.04136069125953	91.74432941176474	91.22178168162178
11	50.378210349070656	90.61174101418305	96.84027595362996
12	33.75672173586794	88.70997448724364	106.34819897448726
13	16.70944292362442	68.38186631991968	86.65802217355599
1	30.61113315658735	68.73672797840837	78.28018701633702
32	49.0909323836657	76.23401894586893	92.25131001899334
14	61.3593213072818	98.82562347285311	116.60030736999957
35	50.34637721686659	106.16806247700346	104.28162734564721
19	46.911684458144066	52.75549286177808	109.11188773523686
7	20.021986612845534	85.66177717030301	97.00878069592764
24	38.203307997265895	62.68053506493508	72.29795939849625
10	48.390701063966155	95.21219535956928	108.43615241635685
18	40.3113870419801	57.998917738413006	111.03110895413734
34	18.427334994462907	75.98686799557032	89.44327464008863
27	59.107907123405475	83.94165801920593	102.62575662892358
33	62.4770601493168	86.19387547541908	113.26529595717709
21	50.28534022335424	66.05320327194359	115.1001530172414
9	30.02644644926337	76.06562324118524	90.53783198146003
