3	3.6858766557069043	7.832114138093002	0.17209788633161116
17	-9.165992588200416	9.110741772902461	-29.180156833679206
5	20.19893492911922	3.536524517778294	-0.5041604694399257
6	3.558265402843601	27.78042101105845	-21.722006477093206
8	11.280509564560786	7.805422099169394	-0.6340464384596024
16	-0.8968823712463045	24.030494320833984	-30.672902287225764
15	15.87851918876755	-5.48472433697348	-11.313026677067082
4	23.821421948569366	16.826798478812027	-9.122678522274539
2	-8.325258598904954	14.880133932331882	-12.496810753895828
11	27.8028642732049	-0.8924844133099825	-29.576541856392296
12	23.7958757784333	10.518142248443136	-36.73092046323611
13	11.503547078842882	0.19715371525808278	-27.291497872943847
1	14.17290382559106	15.311759811492616	-28.03418813116312
14	0.15468374384236455	-0.35289031198686366	-27.097193103448273
7	3.560933350622407	31.52000946576763	-13.212475881742737
10	-10.203146137469588	16.61758120437956	-32.0894105839416
9	34.7016339182969	1.009515678941312	-8.798909522439587
