3	19.4879114547694	76.38261488983167	51.72053660873136
5	-3.997364178595773	57.17044222903884	15.39489826175869
6	19.011125196109194	50.6632312519611	36.78440257295263
8	17.156380817051506	63.87807531083481	28.30370390763765
16	-5.602017725598526	70.232254373849	29.45153568139963
15	21.94707109610295	60.87328493200694	40.22149292689604
4	2.4601834818963475	43.98521850595567	23.82429731008914
2	15.015568859441556	81.75737324499131	38.274458116422146
11	-2.0517717853839037	61.13305735430157	50.46536123959297
12	-4.5927320651498205	40.69347469849559	37.35454668655975
13	22.197155878859856	68.73013628266031	43.36185273159145
1	8.309693624410816	66.84235411670663	39.35592632101218
14	-0.12859707895937922	72.0051172067549	43.14812496576906
7	6.054657729313662	75.32250211674149	37.73400744066709
10	26.151858915221894	69.18514188006999	27.270887704787654
9	-13.900741538461537	45.34004933333334	36.46537271794872
