3	5.039250632728326	-22.147673150625504	-11.80882645165956
5	38.522506219197375	-16.25530978643511	15.771758624735982
6	24.261596021159153	-6.924692272309108	7.3839382474701
8	13.926865738116447	-36.060553971981534	12.194492347558503
4	28.730901209974917	-12.030973365796077	0.3308786336136934
2	5.7270154136172104	-35.492670104235984	0.07587364160567756
11	13.33109652698516	-24.15450105984021	-19.952011739768466
12	16.498267962042476	-39.99216629010393	-8.97513239945775
13	19.13051940689054	0.005462567233609569	-8.42534438145079
1	16.169647316361278	-8.272149775687806	-4.8346507215826175
7	26.13142890408965	-31.151653034492792	14.351609809343618
10	36.72445587526122	-23.033738787976212	10.274624497669187
9	31.248149153625043	-12.39074321303098	-7.257103481315874
