3	26.8175818490246	20.934810149844502	96.96663570822733
20	87.60177191189828	10.332963328792008	114.25485558583105
17	37.05727013372957	13.797223625557207	95.1233971768202
5	73.29770753234192	-2.489105247249426	115.74962574053923
6	57.07980013365261	23.820009522748794	118.84752414100353
8	44.686015711325965	23.41863259668508	108.8933242403315
16	65.1299797318366	38.23700327408794	114.08767461802304
15	34.847639949906075	4.196655604257984	107.69297197871008
4	51.865158829292184	29.05286162135685	101.52384374234632
2	45.516223611606456	19.031187986488465	116.99558089083776
11	63.670061890452835	14.98759164953345	111.01160509251937
12	56.97676488861277	36.768913020324845	110.98067125232983
13	55.454535796766734	15.9764536456615	124.78376146486308
1	29.659511569416495	28.735548541247475	118.74678785211267
14	82.49755283149173	-1.8542466620626155	98.80105075966854
19	68.56491386530843	23.003468930390493	131.40326677985286
7	73.33844768577008	18.75300252670265	105.16936051452855
10	54.86030682344227	12.129177576150354	100.31341792426626
18	57.311624115705094	10.459876434522872	119.82552538908976
21	33.580020418164004	31.541875530872264	98.57239431558317
9	37.53773737704918	37.19572918032787	122.63601557377049
