3	28.115795875792347	14.721539837920245	14.563697986038672
26	15.17858223875392	0.23369963966058344	17.87382099267697
30	11.572727076591153	-11.736272461087992	7.611679611650485
20	6.130756256427836	-12.984791052451147	15.89385790195406
17	-6.631679160978034	-1.6250285466054366	34.20456447809359
25	-8.409216755866613	-0.18733676410045283	0.8200240839851791
5	8.682085616438357	-11.763185812133074	33.967813013698645
23	22.325188318929463	9.7777640089211	-8.349754809032614
6	-1.0572226192775735	23.959161097160514	10.914979041916169
29	-4.717732969602493	-13.018964458300855	16.179651286048323
8	5.363642865349264	4.661404239430146	9.465094094669116
16	-10.790561825510338	13.222649330386165	-6.079554154206216
15	-14.616914273528574	20.621536678987773	4.042021751492748
22	-7.655104948891812	-5.219875417467867	18.915617245218094
28	19.30943634664798	5.0432002647356535	22.992476212722885
4	-9.261832375478924	17.564942049808426	26.986892081736908
2	0.6936689879596484	16.392678945655707	-10.01486690530426
11	19.206733184764996	23.860096434359807	21.50151205429498
12	-3.3949112116162827	2.0455185273347616	9.233646830119815
13	-4.524596831245396	8.619450331613857	-9.645596462785555
1	-0.1561851948560611	-18.901825510803572	16.836830341406092
14	11.190125547445255	25.43980437956205	-2.997663110612016
19	3.845537914308813	-10.033682780921588	25.81722295877122
7	21.05527651154269	21.62297977281056	-9.62062191278857
24	11.384879807692307	21.600767904509286	18.967553381962865
10	3.6575848135593225	-21.050552542372884	7.2347606779661024
18	27.629252201530242	23.72883225061354	0.5518269091959
27	11.942960523069337	-4.945849529449088	6.131597123823623
21	-9.560459254143646	21.326513984806635	16.621621201657458
9	6.75687906460698	9.002489374413246	-11.908824613808992
