3	104.03985616713544	-56.301626355966256	-15.489185717155483
5	87.96064912528216	-27.161349181715575	8.774274407449207
6	106.35736360824741	-47.12231659793813	-16.865521546391754
8	110.69815262763566	-37.772132184523166	9.050725248849403
4	100.12850973970005	-37.00487484916394	19.454878986381658
2	85.96892960988615	-35.59026980857765	-2.639996183668525
11	109.25333166441136	-41.11788525033828	-5.900971177266577
12	81.55922524101666	-57.41837876132048	-0.9594035933391761
13	109.06777213771018	-32.22715596477181	12.09352313851081
1	103.98874895854003	-42.82426505984263	-1.9493896713615024
7	88.63805132024373	-21.53983642518619	4.251386323628979
10	111.68682791327912	-33.86269200542005	-12.227428861788615
9	96.68112881005683	-19.270557258481144	-10.02092491820217
