3	24.832604444036363	30.893837939583143	55.04280938389496
20	-1.4616643767174622	15.501097426929807	66.96306507619288
17	13.317443308136948	34.319493219208546	53.79446920853713
5	31.279727753117736	29.12043183259354	41.45093923060664
23	11.231269218025181	40.70011033797217	65.5301047051027
6	0.9008627500000003	7.057849333333334	64.08513908333333
8	5.966240442264268	18.650299774196053	74.9527995795375
16	17.975550686144306	-4.84797310756972	41.13727279769809
15	4.192387228260871	4.883801136363636	43.27211227766799
22	4.301035896746438	14.714736353858568	33.02270220489379
4	-2.210005574516496	39.32656473265075	59.487942548350404
2	11.530220008599683	11.756340404185178	51.39186892647269
11	15.22889493828342	7.916058367620323	28.109703473351832
12	29.60669657022866	17.432492183854407	46.73320170321978
13	17.361849222030134	30.54200592738949	74.3693332921709
1	8.931545551463463	28.124396540027135	43.50921792013956
14	22.636276659209543	17.82476211782252	67.32137434750187
19	14.694339756134275	-12.320954388077674	33.54607135330423
7	15.330760332324155	17.160075477011894	63.22528170104907
10	30.262022473726756	29.915537914308807	59.66335747776879
18	-8.756845970433952	27.33826189794945	42.40610395803529
21	16.676904709947262	14.92531787597745	55.46693562465904
9	19.479365961982587	21.836138212826434	49.08023521051697
