3	27.21389281476598	-10.962184311140406	0.43503335530652604
5	30.509957773232028	-29.1027407948568	4.096535067212155
6	21.51639656658526	-4.327373796868266	-10.338295575348365
8	39.3786460909894	-21.972127760600706	-2.650730123674912
16	14.836668766578251	-15.898227619363398	-8.159873342175066
15	24.11119199821189	-32.405904559678135	8.481074988824316
4	8.008790260020115	0.7490446056601066	9.752909495762104
2	14.897527699662538	-20.892892575928006	13.72915579302587
11	30.39376677052202	-18.9090792268074	27.810327271571186
12	33.950613636363634	2.5081063248766737	10.036653365045806
13	28.12366519350215	7.467325728619207	9.913034997611083
1	28.861987533244683	-4.192563141147415	6.777315183320668
14	21.602472353043783	-14.840681667538812	27.856522501308216
7	27.99687986885246	4.718291540983605	23.363334426229507
10	40.30053083040022	-16.326144179376875	10.042309737974191
9	16.51275918172031	1.8930343342505085	-0.03741057542768274
