3	-13.56187719084713	6.965640335929893	78.54863972736126
5	9.59066137205223	7.185901968427208	56.38098245955955
6	7.588809515227969	4.312720129753109	62.68042223824112
8	-14.532936003547146	17.283804167898314	54.67426234111735
4	-8.51444937340579	15.169777309526454	80.06847022291228
2	-14.509089563177955	23.17647815889769	78.18373453532689
11	-17.59796532078276	4.286993683428288	63.768667451077526
1	5.636052664140438	20.57135720361921	51.36558781223417
7	14.854047473475996	20.86502211832404	57.268910447761186
10	0.21325173956262422	2.4652088717693843	53.336012301192845
9	-14.806958504857565	25.386303803721383	57.69036044788406
