3	-17.724890983000737	-32.41836788617886	51.80508351810792
20	-5.706318913306802	-30.93278906385188	54.15384253331026
17	-30.08662936036351	-14.391682209017828	42.995451730164284
25	-31.93492238760632	-30.06291995747266	50.11313836573512
5	-40.99767033732924	-29.223787984388057	47.063683858377466
23	-41.09543163672655	-18.4699746506986	59.37725808383235
6	-55.81158498914677	-2.9383021372516276	72.40637552178995
8	-26.342111834490733	-49.120279513888896	74.0998493923611
16	-18.53859654496448	-26.459744302866948	40.63908368047048
15	-45.13555293743034	-18.9494521572998	66.08331587326857
22	-26.084121239497705	-25.00424838136537	73.2250118348541
4	-17.402886436076024	-54.5781378821863	52.06450985715972
2	-37.220313397967516	-18.832155122065174	44.212059105244705
11	-20.82372093023256	-6.110829348182115	78.18660088437603
12	-39.472964838662996	-21.97127897554623	71.65140254666476
13	-11.31455205861828	-44.92973307745986	73.27955729239359
1	-28.547927423380266	-37.33457315896309	57.266779009018016
14	-0.25500496408956486	-45.26125063371357	53.4290196451204
19	-21.366347430870903	-24.390361888932183	60.821169011396265
7	-42.47895853588791	-4.495661638547328	80.75357863883329
24	-48.59654531667509	-1.576483209359428	58.699492669892386
10	-22.326270578905635	-8.134379222839017	55.311943695479776
18	5.5035343029234625	-40.682182753048345	60.39361245776407
21	-44.91010904997747	-22.446434759117512	51.629059162539384
9	-9.528244450728122	-54.76225364060513	54.74171709317122
