3	53.77227532826537	67.00771167933657	126.77632301313061
5	60.58161881212847	58.97645831460114	96.5472985164094
6	56.0860358956993	80.04772180833051	89.79819590247205
8	65.03550261883586	58.023742761142415	108.37146289159011
4	45.922834638661435	78.6814763260947	101.65162673549304
2	49.004070822000294	74.30097651724354	109.84478809459543
11	58.89117111459969	41.98888528818121	125.71876979143306
12	60.705005510809656	46.976185883849084	111.95492539211529
13	59.237556298434896	74.40897295243884	85.52016350098769
1	48.75388008442058	70.37354240214891	102.52810092095167
7	64.72928153846154	72.9787941880342	93.52683931623929
10	51.01600048813823	47.75708122620326	111.60430381724103
9	47.391874210781936	50.45604014893961	125.95896292698721
