3	-43.3316707150655	67.84819432314411	55.57196834061137
5	-11.775333152909333	69.31176792963463	64.00912801082542
6	-40.010438947482875	58.73717625312602	46.00187169729259
8	-28.745192829553336	42.792727245716556	61.40168416361296
4	-18.535668383110192	75.32296052179883	61.2489945073807
2	-22.658372236076474	63.00815960099751	40.018006151288446
11	-42.29379550193625	61.77001429848079	74.08916249627644
12	-26.203134805696354	71.87837678011104	50.29302498189718
1	-21.71690020663377	62.544976613355935	58.78172956057472
7	-18.611280917370788	56.97735998024803	71.5484534181938
10	-13.892913567766627	56.82264214022673	45.72782951837677
9	-42.336923039359306	48.63726115831624	48.78567750756909
