3	69.8790835179442	67.70924512627383	51.84055710013293
26	84.63371054046786	48.01514170475935	52.79050107555795
20	67.23294942434211	68.40269394188596	34.85231592653508
17	61.9156799694967	28.01715289781393	42.416041179461104
25	67.46223610295968	62.91408870629663	58.40939112937035
5	50.22554996876952	95.83274672079952	52.86398500936916
23	66.71422308408314	21.54303226807322	58.282948650325785
6	60.37033679450676	78.33261756824652	60.30921679785629
29	80.66766906192841	82.51740201201986	62.746011497256326
8	66.82133419622055	31.11952316852187	62.57559409785141
16	64.88905403348556	86.71391476407918	59.855313926940646
15	52.96519509185632	63.40868275294763	42.793959144502324
22	75.23582778264681	69.7878854805726	46.89570522933101
28	51.108173786109404	39.39559419176398	41.58735417947142
4	55.91232554074722	74.35921203845314	50.04153746995849
2	60.12634211516751	66.37341578848327	52.01337984569065
11	51.57222582440517	41.75458021427577	49.03827814108807
12	53.91579153043748	73.53795017904405	37.17487295656235
13	66.00241356636097	39.62446599757744	70.04742083405434
1	59.21015773645124	47.9628157490947	51.97434487203092
14	59.22337988338193	40.05314023323614	32.56617011661808
19	69.88148176191334	78.80061078060213	64.42327949041524
7	62.79468074039047	52.1681312571776	53.46308437478889
24	64.66024957727426	27.472385356780524	46.163002198173835
10	66.4044988215885	81.88322590148482	36.59651107706812
18	76.74287602965403	39.258022789676	43.62408607907742
27	74.60439281457518	78.01917435722798	52.15245922016005
21	51.448712417318085	47.10415341250751	43.77488311785928
9	63.10946738979281	68.26405687665138	60.38078806841887
