3	33.21448931586353	-13.964038559620123	37.79518888498066
5	26.155013109670147	-17.73776007893995	40.703008880744285
6	27.765758531794745	-31.369663024797443	33.4094044930027
8	18.310513778220447	-27.739305112881794	32.421413844621505
4	18.791193527744763	-12.786534326720904	38.94474321235944
2	6.366168658193165	-10.451547073597688	21.986366009589773
11	35.1704109014675	-33.8046385145253	29.13252845163223
12	17.450843857952187	-32.9014506010778	20.807029570263918
13	35.636987021630624	-23.595064725457572	29.83128868552413
1	19.056130486712448	-9.076187305379	26.61821200358316
14	14.233748213272833	4.773979636982416	23.110548440158816
7	1.8276212624584716	-10.273094883720928	32.46830312292358
10	13.740088459811405	-11.565196976500523	12.652859452177815
9	6.956864647547573	-19.024387697668185	29.13747038327526
