3	5.31051471553937	-24.152241537818636	17.329417169124227
20	1.3397547654454514	6.677466540489388	34.665834392321216
17	6.497529108550636	-15.84930078835658	34.474267586416005
5	26.521248786800385	-8.298089399331394	27.142205974334093
6	15.539789122025553	-3.5734738014300778	18.01666873754542
8	17.04054766789769	-23.264501709752427	22.472211735740668
16	-2.4629831075939745	-6.383876122355807	4.338521534013088
15	25.620916401906275	10.128153296266879	21.046333895949164
22	35.75947330292461	-3.3033973705393076	18.84332707271264
4	22.1944462652439	-3.5175987042682917	14.091606802591464
2	22.23811390262952	-17.571158031762558	5.026753579796928
11	33.01868603021336	4.546421741161812	26.459680112132062
12	30.17276956968718	-9.016890292260245	14.843454545454547
13	1.9237148316216857	19.139394315739192	20.984191187007408
1	23.21753668399769	-9.220208549971113	18.908265453495087
14	16.628220618794735	19.288498383745093	18.844526552759177
19	-0.29057409565541664	-1.0501329945925788	18.153830458698486
7	30.293657473900186	5.6877566833625	9.84527813650353
10	-5.718303628155826	5.471416485537536	11.782888312991137
18	0.4253397923875433	14.132599110232327	12.012331092436975
21	17.32484633385336	-17.636258677847117	29.357689937597513
9	18.56158422771815	-10.100223985067663	35.69218362109192
