3	53.198123132405975	41.866059247810405	11.212780304703024
5	32.32045466101695	51.198329555084754	20.647148940677962
6	48.708313457609805	40.6548442288049	18.234206971399384
8	48.06381145902732	60.01777398401066	19.240125249833444
4	29.179193504736123	33.141675236806485	7.469020448052922
2	38.24623867727455	57.76715969598648	10.815392728565714
11	37.06104519214911	27.07168843806696	8.12744697344549
1	48.31615735412745	53.00384205431569	8.497360957246569
7	21.69512708889201	42.28052717314984	13.083195899452326
10	31.676575267981974	43.945244213142765	20.751901972968774
9	57.7569687840785	46.906191657579065	1.1066266357688113
