3	80.471314893617	54.06861760821717	3.92202347762289
5	89.87531234056125	32.48762866709183	6.144838488520408
6	97.03588010583759	63.855089631222086	-5.9397463204894985
8	81.56528547354229	65.76983181664981	-6.931705763397371
15	66.37574503294347	41.34277455436949	8.150796363450636
4	81.3392609550237	27.135974332292747	3.664252399121287
2	87.59053882388699	44.635376994377765	-12.139199665704302
11	83.59438830916983	27.580380275187004	-8.731030935451107
12	101.80058245258435	49.20043535543651	5.492872303460259
13	100.2368031762562	36.131199427232495	-5.570240302004686
1	76.07136573780227	42.31205241497919	1.8208166908949452
14	89.03601276915371	31.304436529794696	-12.96420806209314
7	99.84215506164264	52.41446587949296	-7.80533165480118
10	60.87968545154447	48.373253902381514	-4.926419146427731
9	102.09418459495353	58.133558100929605	-2.5165161022576363
