3	-14.113064729480646	14.914180960641872	83.33144334815132
5	-4.032941101641012	28.964376033583513	72.8634564304796
6	5.649828622149391	3.8063527242933226	48.7154907824662
8	10.587406805485017	1.3073329101066529	74.36962265109193
15	-3.4178716021746083	1.950918612088264	77.44575935401345
4	20.693540785772623	8.990913075038565	74.36763642137737
2	-11.732884095410316	20.755841470765514	72.66837139412726
11	-0.7177838088610529	-0.3392778937601483	59.28509541483027
12	2.641507286912999	-11.756899308111292	46.43670778742824
13	2.5707004929457753	26.82974264830869	82.52494407615163
1	12.082359590489888	-7.572080802098316	49.892201962941016
14	5.200999552772808	-2.1481796362552177	60.65836687537268
7	-0.49478598971722354	22.560323746786633	86.97954932519279
10	-0.36294878892733573	10.250400461361016	90.31793471741636
9	5.202420259568852	20.99770424549054	70.56053288605366
