3	17.403007499107247	10.841385311272466	-34.25143149625045
20	4.075383033835195	-4.644328638497652	-49.46544698073498
17	-3.1262789333750383	-21.95887597747889	-37.723394041288714
5	10.820323575949367	-10.965992201627483	-41.40361415009041
6	10.108852217496958	20.69945883961118	-44.368403250303764
8	-17.931577727208076	-13.776449580429526	-43.05227080073958
16	-4.040682615629984	-19.705074469390258	-13.401307569623361
15	2.058886036444176	-17.727157152924594	-9.140039162387998
4	8.664325097248238	-9.64301332661	-10.375044085866591
2	10.628486462209676	1.5808702681894007	-40.89916501988964
11	14.133029985490891	-9.901608254070611	-27.897957278736094
12	-15.33733431386969	-4.40132563612296	-39.1325990586851
13	3.115500830105147	2.215695628112894	-12.500864194798009
1	5.4743679719482525	3.457107215034634	-21.172055360751738
14	-3.3260063487147713	-16.63826502013007	-44.41463463920719
19	-0.5499838844704896	-2.3669491419003754	-10.273330786940143
7	-11.125876694166179	-3.4374628756629346	-15.701409546258104
10	20.91743094672549	-5.09043841194435	-38.00221292840177
18	-12.383075825601116	-2.009315973261499	-24.19300409059164
9	-2.2534720212252775	26.02163494934877	-34.40247129763627
