3	55.438501215938146	-44.122229843486934	-18.454083556774954
17	48.51738424332619	-43.962209747930416	7.250188726630081
5	32.91467681301726	-40.028095525319124	-8.566747650441856
6	50.08638121777902	-27.576203566949975	-17.14148432492685
8	56.013260227272724	-50.16012286931817	-4.1552943181818165
16	56.72494080619779	-45.32643178791913	2.949142113545575
15	46.2364730440006	-29.17878134855083	6.489793212194023
4	35.51037018290579	-14.661987001035317	-17.690249050960542
2	35.8972307180851	-40.92618849734042	0.30123636968085105
11	22.56837434367542	-7.794914558472553	-5.257770644391409
12	48.689320270047745	-6.883564465667708	-3.933841223448049
13	52.533015210536085	-49.494522908551296	-11.081087924318307
1	37.5217049710242	-31.372743192871084	1.2620818020326747
14	45.06476508667983	-23.955885341233273	-0.6714843647136272
7	31.04097086047309	-35.21155502228317	3.9134844017826538
10	52.158593457201846	-19.157927584564074	-14.689831507066856
9	43.414844754098375	-18.690222131147543	15.102381147540983
