3	6.253832903225807	7.567579539170507	20.423289032258058
5	14.720444146307015	2.20070682107047	15.951653156333851
6	-4.110800262812089	-1.1978934296977661	-0.24131366622864656
8	17.43087115147783	-9.464526477832512	-5.367511391625615
4	6.232931811286407	-10.902332296723296	-1.5811371359223299
2	10.045795024945543	6.280388201812943	-6.908296816808377
11	18.013270305907174	-0.49114688818565394	-11.684918073136428
12	-1.323729789103691	-8.11479042179262	-22.619616432337434
1	6.260251402070752	0.5959132333908541	-1.3535599115616916
7	17.645785045107562	15.586117279666896	8.374025676613462
10	5.8214771475770934	9.691288133259912	-16.730621833700443
9	13.268118006817724	-15.251543412873472	2.404319831562062
