3	-31.05736499584602	-26.913830102464694	-24.627931320963725
20	-19.87009617788891	-15.067009287372747	-32.98241176995894
17	-10.867719771528998	-20.42239710017575	-28.35617891036907
5	-31.271341969305578	-9.022530010636682	-24.013368181127486
23	-38.12429516358464	-18.717740753911816	1.6736081476213054
6	-22.88884603501545	-25.532266220391353	4.789343631994508
8	-12.335044356547536	-27.55687427602768	8.171583415736686
16	-11.851073226197697	-12.786151000606427	-32.205229836264394
15	-18.56921797714481	8.019403888794132	-6.023102507248849
22	-2.9814109253974714	-2.654088666938443	-24.374192315532
4	-19.12332769483632	-6.343582591425832	-18.587394055608815
2	-28.15213714516211	-14.773496974739073	0.006831644229314577
11	-43.89951932080653	-9.8959052999563	-1.7174122604407263
12	-26.10187933602894	-10.448640029793573	-28.511503617791018
13	-41.427727961772945	-23.134664030318014	-19.621421651013346
1	-15.471840062349393	-7.714674387025206	-6.860287677389737
14	-27.479454590407123	-2.9370367562221857	-21.894415032141094
19	-14.261281418658442	1.1983664610639935	-21.493358519660756
7	-38.58299414398897	-3.674978212194281	-4.35955976575956
24	-33.33388459568242	3.228162751555068	-15.9386105744603
10	6.237684308696665	-21.609478782933085	-8.926028911168105
18	-42.82106484483556	-19.14759657248726	-6.528829203334877
21	-11.394411469933184	-31.766142399777284	-3.2384028396436526
9	5.230695322153575	-13.535799823477491	-18.958531862312448
