3	8.68472372706331	-17.702867423941537	-7.760360632298039
5	28.10853226097958	-25.209787908910172	10.843327851075365
6	16.417272261306532	0.6960588944723618	6.760360100502512
8	5.85855306223655	-35.215232085296314	-8.958425241755517
4	20.56628463277947	-26.51477426015141	11.987953691869034
2	23.47980981212715	-0.7924622028314485	12.365831715786666
11	2.450261155913979	-34.40714744623655	-2.7463432795698925
12	32.38643477734753	-17.62036072120039	-3.259260285575992
1	2.3754480196571692	-18.03154256128239	9.012822441935295
7	12.678393139448174	-39.45826263982102	-14.212209395973156
10	25.067759994011077	-7.583640365324148	-6.065822877676298
9	7.506446841294301	-1.075021991875613	1.0573973945930806
