3	11.251119580560601	53.70040250050413	19.94545220810647
5	-14.988257777777777	69.8245481081081	19.797378618618623
6	-10.05743064718163	57.323980459290176	22.613828643006265
8	0.5489656786271453	58.044558892355695	13.280113007020283
15	-11.254725701943842	73.32999072544783	-7.726705882352939
4	-17.53547795062081	71.58596841253981	0.5273850435279007
2	19.085285634384547	59.725063287871606	-9.130929398098349
11	13.400431158812676	78.95413818547712	-6.538429314103637
12	4.298794871794871	64.06981179487177	38.548600683760675
13	-0.3976450581395348	70.3710914244186	34.89612543604651
1	5.300951769099308	79.1063960377239	6.973176846635863
14	22.179435788092505	60.287937018205675	9.963254059373462
7	6.552919521559363	78.783091996456	-6.699789279385706
10	9.123706192471008	63.758953919808505	10.166928215211874
9	-7.668760617120105	82.02561429993364	-2.94071400132714
