3	31.350495972948046	6.811650968336918	22.668715093759598
5	49.5298548642534	22.004340837104078	3.1223341628959282
6	41.647194788273616	15.962623452768728	1.4054069055374594
8	30.803824821002394	21.79233094669849	33.14938186157518
4	35.331277769752994	15.807533150368338	11.711010977899754
2	26.785845090202013	19.256923841417304	21.716338014475536
1	39.440532670841286	9.035415872583721	7.771013544786279
7	30.264882345242768	31.01004907734589	26.247862583431488
10	42.47795501563629	33.88928542217946	22.671578421938896
9	39.31477235203583	37.178905974534786	16.304530852105785
