3	-13.298104395604398	-6.151320845820846	-10.242873834498829
20	-24.897034757311282	11.453879804011635	-33.03185423365488
17	-13.24638614613398	-10.52933358651071	-38.438937870271914
5	-21.15710575316304	-10.723658510384338	-20.743021365481017
6	-25.338711766406472	7.382923291895539	-3.0713547267996537
8	-0.9021351237048005	-13.255134912243605	-15.017433283992396
16	-0.46519878378378404	-1.1772150675675677	-12.36669756756757
15	-33.80054048075505	7.252967851349358	-11.932426928181684
22	5.477223570765353	3.234743467303356	-24.86017031436531
4	-30.46417307619588	0.3922903762525999	-18.72917209302326
2	-4.308545000674674	16.687423424639057	-4.2764736877614355
11	-10.657391704269353	-18.29039951405762	-6.909993405067686
12	-16.19758300524935	20.823163549868774	-14.874356955380579
13	-20.81479425517702	0.2215993653974616	-0.3447332999331998
1	-11.713936001287484	-7.354490451156053	-27.738742905423535
14	-17.051955152394775	15.777058200290279	-36.258338606676354
19	5.3305899021123135	-7.017937145801134	-20.858471749957072
7	-26.449023872940714	-10.244612311334713	-7.464709184176778
10	-1.0417944186046513	-22.786193643410858	-20.088926356589145
18	-6.864015471892727	-0.8987782362042293	0.23039938112429095
21	-22.999229709246247	13.196287584401267	-27.27702122089018
9	1.9170458941157191	9.043103589575479	-26.36999934436978
