3	2.586384644478063	83.4783357602118	4.3355592851739795
17	19.112040665682464	51.05188820292579	38.713927660716685
5	28.83590854995302	64.16507939242092	47.61436893203884
6	11.231115105112899	50.75122475992733	49.749834544510776
8	-5.001011232168932	59.64934932045377	32.11893569583286
16	-12.721379551347082	55.26889234584602	19.239378874985903
15	-20.445615086206892	73.58739482758618	6.0973922413793105
4	4.630076510695883	69.5016468536928	50.3119937542289
2	1.2219016753639111	67.35983672068112	-13.428229950563033
11	-1.6492318771003358	47.719179388702194	-5.722649543927028
12	17.065202387239886	59.4880715115665	29.701981831625645
13	22.98857751990285	67.69688044798272	35.89052354608015
1	-9.28011116612206	72.53226669307193	13.973010595108427
14	17.523506486412668	66.69968482862215	25.743355728526556
7	24.226642055457745	57.17771935519367	47.785011058538736
10	-14.598259721799169	55.81164057264698	3.672243679561377
18	7.024791709844559	52.2366518134715	23.145401480384898
9	1.924258178394917	53.82942504118618	22.659790303600847
