31	-48.89604289405685	-7.566009819121446	28.40299448751077
3	-22.353155432440754	13.24934164358264	54.71232645942343
26	-27.649570648377473	15.267925065091765	31.537699625325473
30	-30.079604681535063	14.233947156921841	43.3696356238698
20	-14.93386961937717	-3.7611028373702418	28.199983114186857
17	-24.94724677251818	-25.674819557797893	58.99643552455853
25	-28.928706214689267	5.983278174249183	42.34541287540887
5	-17.60094602188702	-30.507584220644784	41.332891304347825
23	-17.16295924807904	-31.119824163007692	32.17526118276619
6	-25.190428910577683	-3.6923124505407543	42.35986098654707
29	-40.18930697002529	-26.576362104249426	36.19209088720357
8	-24.564897514033674	-23.86978973536488	23.864701844426627
16	-23.511481099022685	-6.934977134427437	27.571334316798822
15	-34.71770972133249	2.063460922485586	2.1600845611787314
22	-32.51597507620585	-17.321424242424236	54.36487968441813
28	-39.79540311871227	4.991878571428573	33.54850100603622
4	-23.691309464213234	-3.955993133540792	13.606886585035854
2	-45.38460041947375	12.92503762552434	18.574970382610903
11	-13.571253149606301	4.61699783464567	10.446781299212603
12	-17.273924495319722	16.1795615202436	17.456638660200742
13	-27.542460841938045	-8.599311834789514	54.55928276409849
1	-17.639334316559495	20.92451731461271	27.345740664267602
32	-11.341026642232872	5.742196645052156	21.430085142373837
14	-29.487400082152398	3.8623742863010873	34.043732635038
19	-28.640619177150633	17.540810778646716	17.59395562733764
7	-48.451370977873964	0.3814233265861659	13.16761052558107
24	-18.792417936767848	23.614526514674385	36.9677562665323
10	-36.925453687191855	-13.854587538025804	5.828014056435542
18	-18.866565789473686	-0.30458397518185715	48.04089527171589
27	-20.382301853224607	-5.32271371386212	51.292834247590804
21	-2.3894001560062406	14.526867728994873	41.2952643191442
9	-18.81777116469985	-24.697700153925094	51.63405120574653
