3	-10.27482831559823	59.619482264901805	47.451900077861396
26	-1.6489518222666002	58.75269283574638	78.96458025461807
20	-15.68775011365358	62.50492029095316	67.8486441885134
17	1.1085148138437337	44.86880584687993	56.8718093864709
25	6.623426189449477	55.39969771453214	85.1118614345264
5	-13.94391773922776	82.28681775788098	41.91201496922214
23	-18.058935987168272	46.08182798677942	62.70585501117915
6	-13.366952175617406	80.62538298706389	60.95734947079578
8	1.7426328783928842	75.96822956601747	57.18554960895568
16	-13.880011642949544	60.27885640362225	5.365180950840881
15	14.032389055472267	58.20381009495254	56.359870189905045
22	-31.49649020168789	76.04142368759835	24.50210141610642
4	2.8125448776065274	59.16682870763022	69.1123173164098
2	1.5666578928723254	54.34457775967124	60.43908006234943
11	-29.889476994680862	72.94014787234042	57.930735372340436
12	10.541420533718943	44.682137767845404	67.8882959116603
13	-28.70079115593483	74.70840155159038	49.83481505042668
1	-10.702005420560745	66.58326803738318	51.08424641744548
14	-9.952908332068597	65.85094308696311	72.9328723630293
19	-14.399554594594596	49.63225117117117	56.53857387387388
7	-24.58427046207223	81.75154604951898	49.78719208326761
24	-21.15245134706814	75.2196941362916	21.389130110935024
10	-11.317804314030314	72.19175787019043	69.71209891177614
18	-8.774700517993455	63.36232279171212	43.04381761177754
21	-12.751493569844786	51.43572579453066	50.086898743532885
9	-31.883204422645274	58.75161717516002	51.57057461135587
