3	19.618034300467176	-15.96441258913204	23.11672522744038
5	39.55954888813444	-19.12195068748939	-1.1454573077575965
6	39.33792094370862	-0.2403049116997793	13.603116032008831
8	30.27111924499426	-15.840677847213366	-2.65324473919143
16	18.813176059152678	-13.114516886490806	13.700303257394085
15	28.831177327422417	-21.93138657378087	2.5212138062064597
4	29.852894722766983	-4.0308495275450165	31.878613924050637
2	36.00476703690847	-9.330198368622003	24.722239442323264
11	43.18817082997581	-9.566184183262342	9.56890054103833
12	24.75999681190223	3.340534841354182	-3.7058346743585853
13	13.716314156796392	10.442288000564018	19.79034736322617
1	29.16653601034085	0.655427487565684	2.540563548486807
14	16.113503345639128	-2.2140850253807103	29.13576661282879
7	32.57909189372144	6.820724149602302	18.03443069893383
10	42.0129376881204	-25.291787640089662	8.242229971181558
9	31.63652388355002	-24.132786743923113	22.122165347654047
