3	20.230676248477465	53.286008647990265	-15.354579780755177
20	22.929447526881724	67.23020161290323	-14.063216881720434
17	41.166918881885444	65.50095217867907	21.089682104686208
5	23.84163597220123	62.29352439945612	21.590550914035344
23	40.57591145564168	67.86008596037897	15.05148768303187
6	30.31567282549127	62.44661528223597	-0.29010545682298605
8	32.81543583394027	42.51257960670065	38.60545200291333
16	25.787799999999997	37.50060826161791	18.817007573149745
15	17.409027859802283	69.3053352163307	17.166908203877263
22	33.460364187142375	57.24820885223831	33.407852574890605
4	28.033599606418417	52.35735851246342	5.55274144716924
2	14.878061654608365	61.9427244416483	16.411130103806226
11	10.574527495714097	54.12972833970724	10.061167611763155
12	47.55606631511666	51.282309843400455	24.40541738574624
13	40.974792345384714	54.72387855913125	15.612165673420739
1	20.970795841439685	56.38406930933851	10.754814972438393
14	18.946814345991562	80.09656213420443	9.312270586634002
19	12.949746962025317	48.77221683544304	3.077140759493671
7	12.040220711648209	52.8981163141994	-6.574890315542128
24	26.3751072637334	47.38046797708931	37.474519786513916
10	41.05212405411604	59.83251857372164	26.05881414813117
18	36.994826054774244	36.145710732790526	18.726421909696523
21	54.15230547088079	53.693572116155956	24.589851275469275
9	34.55393282131052	71.08634289325298	2.3681848143107134
