3	17.14249708171206	-50.54864640077821	25.57121352140078
5	7.512797693920335	-54.303955974842765	-4.848675227113907
6	8.028919019316492	-34.49037196631996	26.887153417533433
8	7.417814396343786	-55.98630125682367	20.85318103338835
4	14.407434168604151	-29.91599801946095	23.69343072418841
2	-5.57655392390579	-41.83635447697148	5.097026413655001
11	9.64301606610053	-17.09896442506312	9.698406395838118
12	-7.387252033537728	-51.25480678263045	5.602780628206732
13	-14.81923427672956	-47.81571713836478	13.78834009433962
1	11.227445180537883	-40.615865572763575	-9.754585881630325
14	-11.806061363310898	-40.588590863525695	3.2725660890734645
7	1.5113005197972154	-19.570389462876214	15.876187832894827
10	10.040708658922913	-22.692260295670536	-2.821345723336853
9	19.34281948287377	-55.829634004388886	3.7830112584677034
