3	50.151925416104355	29.70411749887539	41.9656130454341
5	35.73501298318088	31.078174387724996	13.05325184420183
6	23.25655484019315	18.023235111519895	37.482267532766166
8	45.728352696107606	1.1564332817521723	19.75216069515534
4	55.224453118137916	18.49992786561265	20.26974374176548
2	34.522523264922455	16.981894093686353	32.40602334325553
11	40.28645104510452	34.53455885588559	32.65990550055005
12	50.19183182792674	10.548656556426385	21.73788138333392
13	32.13596962641001	5.916768653627238	20.7610500879644
1	34.3936081004655	25.420215098826834	37.49666539537987
7	44.27898944732606	10.836388302629226	44.721047576462176
10	44.97069251031697	25.531467205198	11.410183159188689
9	45.37221421464107	26.30855742714996	54.118831414356784
