3	-22.147771195790558	-15.301965713315797	45.105169311720275
5	-29.090808131772864	-18.460545192891196	21.523070255743402
6	-5.442892507042253	-21.07848	25.0458621971831
8	-35.98505097732603	-22.783975918686476	25.729156997654414
4	-29.92382239208633	-28.74426169064748	42.60318345323741
2	-39.06511071616641	-8.747051737756712	27.43933491311216
11	-11.56795464037123	-31.484999883990717	24.39099617169374
12	-50.88250913577346	-12.389981787204041	39.75244039715646
13	-11.510113467927424	-34.18310529005878	34.69015346281625
1	-17.006464708810356	-21.772763464410154	0.17409288203086123
7	-41.40086979997547	-27.555221990428272	40.727474045895214
10	-46.55510025512613	-21.159265614665024	46.66701549655109
9	-22.978781158572257	-7.059931831480396	33.91891793446459
