3	43.27570238095238	-8.508298859126983	42.41091604662698
5	28.23989176011701	15.513664716398505	37.190053144807415
6	25.98712926762115	-3.7639745319383264	42.786482103524236
8	36.37303293241696	-8.255957187857959	15.14579596219931
4	41.86712577910746	23.26903677387185	28.44731525804039
2	53.44995274234694	7.388748533163266	29.094825446428562
11	45.62867482576916	7.450824069352373	40.645735339112704
12	51.75814276713711	20.214302419354844	24.765310105846776
13	34.15192313593127	-16.43542282908868	41.064469776004906
1	34.63243806575676	-1.7100879414661598	39.13319107921765
7	36.244514161692884	24.50353326098752	25.093151383613673
10	56.16528462709285	-9.14089819042787	35.37222881785896
9	51.29167465152296	-4.894468662880743	15.83663686112545
