3	-26.700413169642857	-2.09794025297619	7.576960565476187
5	-24.524538607252396	-12.196737236153709	-2.017018130976006
6	-41.29987958635509	-13.935318184260005	12.372661939296275
8	-54.22715595910269	-12.745899587974975	3.0843323668548757
4	-46.64038188098952	4.5788481167818125	6.744598172498328
2	-31.593258278145704	13.272093405077264	-6.716891280353202
1	-47.08217902752438	5.2379367811533255	-12.066842309827875
7	-25.03613373509424	-6.768928067700988	13.619276445698166
10	-39.22394502849906	-5.8237043698543385	8.863412539582013
9	-38.415805052503416	-19.92133297823771	4.118066504337238
