3	54.70628928408571	-2.746144642042863	45.19089138166893
17	60.35053600000001	-34.524709076923074	35.117112461538454
5	74.10180080666146	-29.266065443663813	47.92635779339058
6	44.46938840772818	-3.495208971796581	38.320905174328225
8	64.10344790986284	-30.06460641193121	38.466607391683006
16	64.36346989001416	-21.103664924316675	30.92511956876838
15	28.670315210355984	-17.610892233009707	46.39785032362459
4	24.28619148067501	-22.31536295590637	33.38977340772999
2	42.033622130102046	-18.554720184948987	31.18897034438775
11	65.25202124572495	-9.049930355477251	42.00718053684319
12	59.74978069053709	-15.131477749360611	29.920892199488488
13	36.60297067133056	-32.73153625723127	43.41190905421767
1	41.11690140787815	-22.046791555441125	46.46876433285004
14	26.947040578358212	0.14118166977611943	25.59045743936567
7	61.648134999761474	-29.804061584696843	53.992133091637655
10	52.37333184244699	-8.613174722262302	56.34610315971722
18	24.630284032165417	-19.0051697300402	44.07344327972429
9	38.69786221779548	-31.86315172642763	37.34808831341302
