3	24.589786048490005	25.428709910676307	24.608241032184885
5	18.93791921930062	28.779457169964758	-12.825047438330174
6	6.070936538179686	38.16919375641213	-1.2399613073428108
8	28.66009214277569	41.27567202645683	11.820110845022235
4	6.914994774857847	34.20842216074997	11.20692915321961
2	18.882546650806635	47.548603821277226	-16.46504371422199
11	28.90586420179682	43.25044609536973	20.81754405666897
1	15.761323502382936	43.897057126370484	2.344342138445427
7	13.132605412097627	22.83548001414928	14.422898478952956
10	14.788681972193011	34.143836429489426	28.071635354597497
9	18.82552448015906	20.371829508739957	3.640461022284815
