31	11.65908810163694	-10.73436564866846	37.57276335206449
3	36.976005108380505	-2.6274176446223945	-7.7022519674168155
26	18.12785147362978	7.762474405377457	13.728264348500515
38	25.37895585567426	20.23168690788148	-22.884845343680702
30	31.850877221654752	13.48276179775281	-31.584621961184883
20	29.762421910112373	-5.277774157303372	9.150784494382023
17	22.391131278987505	10.1752467573304	-11.205330398553574
25	-1.5826126285916995	-21.568957904694336	10.8591167080525
5	12.42455764431875	-21.623121943104312	6.318776409915155
23	40.75200981647461	-18.99069369753877	-25.995108265756155
6	26.102095986480773	2.0838185044359947	11.38480532319392
29	32.46234203777103	17.749116577290742	-17.419183609232917
8	27.14395992067926	8.121108451569658	-20.215895961345097
16	15.386271394745748	30.764908896155145	-1.3817185703010488
15	6.571204051124898	-0.17398325734359818	5.833601539726438
43	18.21121462931522	5.041548528579513	37.16813129598189
45	12.7533360652248	18.895109609162137	-12.663695674386927
22	31.537059590559384	1.7379641413482854	20.210171730342932
28	23.666553967070946	24.805886306660344	-10.478349684938008
4	6.992953098974314	-24.397099850968704	28.972624528798104
2	29.313557719283764	-20.606106774486342	32.120203564650545
11	23.000328787531522	28.273577355030945	1.3469483153793262
40	24.577402239557117	10.299635883241068	-37.78935224794499
12	21.877287587714264	9.706761417232258	7.124401702519269
13	10.409867769342013	12.652690708604483	15.571343908170643
1	26.526129266927814	-3.2213821115463546	-4.512374463719454
32	12.762349120684844	10.350331813529356	-7.464516981483205
42	27.27296702938989	-2.7632338634672626	-16.131431129092267
14	26.576997832996245	19.737913753250506	6.131441924299335
35	15.017878134338051	6.007806288164218	-38.082505911394044
19	0.8512072404586147	-13.593922412439136	31.42193136485001
7	41.540995540276874	-0.16904069497352037	-20.814295642478857
44	35.15456893995551	4.784360513960958	-32.78278552013836
41	36.12740559210527	-1.8207473684210527	25.33660361842105
24	6.363063141373898	16.186978993118437	-28.16617083182421
10	29.684810819311213	13.053792420191852	8.784674319861614
18	33.130402867289234	2.179086281730896	-19.0035150598448
39	43.85691262530479	-0.6242751286914118	-13.039185857491198
34	25.145013982425755	-12.657131806811623	15.25281514976589
27	13.165094150174623	-28.734758149010474	9.264143044237484
36	1.0933929126515385	-4.85201709667392	28.50698305875039
33	14.340912877178072	1.8370042498937524	-26.82170349907919
21	17.31119717599596	-14.164197512186918	2.3437905530341228
37	23.284408701330502	6.6845875438739695	20.394959268631133
9	44.00460832383125	-11.721046560243252	-19.175740402888636
