3	23.224895488121383	-26.46462188061489	4.840723896985426
5	16.485070445213747	-28.743505917397954	-6.386520328475967
6	22.794595961153075	-22.03149113611839	11.982771543086175
8	-1.6105331628816364	-21.08087501879982	-11.04898225297037
4	8.71914476184014	-17.822888519473473	6.752149002578366
2	5.796346407813056	-8.468373611166028	14.459534893835752
11	17.80482519723866	-19.03793343195266	20.647493959566074
12	18.13869260106789	-9.932835392829903	-3.7735472158657517
13	-14.375896349336777	-22.46985350393239	2.2587667566615806
1	7.716075897662355	-13.627126624899953	-6.0709402202412175
7	-7.46063150946164	-15.694439636203612	16.508468387853892
10	-12.335544210073179	-14.724135944898842	1.2315200172191134
9	7.898355472133988	-27.39939582731735	28.219013138896912
