3	25.97972833723654	30.297815520545033	1.9757651692569724
5	1.058067823704042	39.26431605389359	9.152977163736011
6	31.34242518618822	22.237823155044012	5.126386188219364
8	19.983897244973935	19.44693849590469	2.521119285182427
4	-7.413969884726224	23.238522334293947	8.524653602305476
2	12.446194749403338	20.738716308671442	18.83808353221957
11	2.2376762873073135	20.906873237126923	29.4925434568711
12	21.65837786913327	33.53648458376156	15.743934224049331
13	13.516877970041323	41.36664772727273	-5.3288811983471085
1	18.922419671712877	21.435576841299536	11.070774749106988
14	7.0766995672436765	14.739294773635155	22.578940745672444
7	20.54257316619089	36.790732034255925	9.048210996648878
10	0.4882028354856822	38.30627316114542	-0.428728523301516
9	9.806946530147895	35.84158993806092	0.11997712046517502
