3	-32.314828480864065	23.55054425921578	24.29017848477734
5	-12.87389144510263	-7.933158975065434	10.449308031409284
6	-3.268150272536687	7.559213836477988	22.821654758909848
8	-0.46692371574326724	13.14312101079606	10.889056353066792
16	-23.125627472789382	20.419748470644315	21.232134106617938
15	-5.174292823156227	-1.6279893602960613	15.833484271742009
4	-0.5890682495529507	24.959879197297845	6.608925491754422
2	-14.945002917211548	21.387182476612015	46.27446544613218
11	-15.696580759711608	29.927373506940704	21.9912780587539
12	-4.898082876204596	11.532735063009635	4.05427442550037
13	-44.8000088606157	12.29750596387595	29.751069976144493
1	-18.318913971660375	12.586484577709642	21.567082439152045
14	-12.336210742018977	37.443628990509055	32.94322512223181
7	3.924483549203513	20.34837918713711	11.019487271103172
10	-9.869414627123522	-4.15911877339476	21.792375179959695
9	6.25006745289803	40.31331295843521	17.014445850711923
