3	41.274567324955115	8.023692147784184	15.734222337711422
20	21.00903194144069	12.466807020462486	-2.6300848444518383
17	12.222091625484174	-3.732407907038868	-9.173546547348739
5	44.192952439814	9.399748837483076	20.51676749661545
23	53.131789112227814	0.6934825795644892	7.566700167504187
6	26.87171402989185	18.83042344514085	2.219492251532474
8	32.21329306640625	14.546452246093752	8.276228417968747
16	13.797684180790963	15.313108615819212	11.139713276836158
15	49.87407343318308	15.915893703649848	24.814075468954492
22	15.137389742014738	-4.656501228501229	7.375884828009827
4	32.08649427812871	-0.06590176691385145	21.835997894351365
2	40.35768737402823	17.231684278721566	-11.514314209617044
11	35.482794871794866	29.55214507422402	-3.4645499325236164
12	28.723070460476475	-30.61891093526392	-3.8070941998484726
13	16.79640720221606	26.325926790660855	13.198455612715998
1	39.87641687780161	-5.434749415318652	3.3871755018514897
14	7.587530337941629	-17.819885688684078	-11.905130952380954
19	37.0295101191602	-26.765365424626438	-3.0863690183468884
7	40.739814255228325	1.0964848484848482	22.424338284250958
24	34.21439895270824	30.595374406807398	17.460031746031746
10	23.913123881131405	-2.084116075904046	-6.603954815610456
18	42.0244435139573	2.3352642036124793	-6.789226765188834
21	24.828689974366277	-8.21424152663059	18.589467815437203
9	15.253824718808922	6.0794564722709845	12.810991613029065
