3	31.576592755751335	-24.684358492413114	9.210896035242289
17	24.268760024676126	-47.56893756940159	4.556430598396052
5	40.372352630003	-34.88567486775127	37.41187518714443
6	38.248402774797974	-45.16582457269541	-7.834870199527997
8	51.76452760502601	-39.16764564030968	29.540067140500067
16	49.96000694579936	-38.55357376985212	13.821469816989886
15	28.848951406328478	-44.84834216474134	-11.356733927674542
4	29.112538523007263	-40.48345941266565	21.50151927815144
2	33.216862991852025	-25.370669498651672	16.940790674747017
11	42.3993397195613	-25.352372900180484	5.594983479105927
12	23.561489127808645	-42.66792256583715	-6.712110050736892
13	34.953168076706156	-53.28926945854485	1.962462492949803
1	38.97569655787595	-38.35855173680345	15.077600902508129
14	19.775122099181516	-34.341586133846896	2.683811651420318
19	48.050482916783665	-23.424785266310963	27.706256014228213
7	47.475747665320554	-30.541320229681975	16.386642857142856
10	45.30722785733833	-31.366157529873217	-0.5164009851318069
18	36.19875197363905	-24.042824672204308	-1.2666613578636645
9	29.41958534293768	-38.33146382712184	36.84510476041341
