3	2.1849525868495605	31.849902788131796	58.849738034888915
20	23.731387688875365	46.389848189838766	78.37350664232837
17	26.430016889015047	48.36077689469203	72.53820195855806
5	16.67175061667489	56.52864590527872	84.63501467686235
6	-12.086904974714807	42.11143349406092	88.48103445842645
8	20.58381409721062	27.569775680641392	70.07465608819108
16	10.871983027407595	67.83633668594418	74.80371372894139
15	23.193589530577515	40.50782994695226	60.138164648183356
22	-6.105263044436822	44.01371672137572	70.55224197736511
4	-20.469695831578942	46.183591494736845	78.06238795789474
2	-6.95668378513697	67.31765295758528	80.77791381160145
11	-11.242913345056664	35.45615855803048	78.13450459163738
12	10.967273368825058	34.59345301473319	56.54231459700385
13	-19.79750926089258	55.792561474686885	84.2951626389134
1	1.0880087952546533	49.38444260584988	66.1611636530988
14	-7.042433570965652	35.53349173687622	88.0234740764744
19	-10.382537877589751	66.26245769413252	66.83662565238019
7	-0.9687302298173246	27.86577961107837	80.55990111962284
10	2.51471290591174	62.440030807660264	91.26834171523728
18	24.989908188308792	53.532566934404294	63.972267291387766
21	26.21177005895924	54.61488400410151	72.45519136118943
9	26.227285714285717	34.75188248847927	81.9775362903226
