1abeA_BS01_UUU	10,14,16,90,108,147,151,204,205,232
1af7A_BS01_SAH	38,90,91,92,93,94,98,123,125,129,154,155,156,211,212,213,230,231,232,236
1ag9B_BS01_CA	59,61
1ag9B_BS02_NA	38,40,43
1ag9B_BS03_FMN	10,11,12,13,14,15,55,56,57,58,59,60,88,89,90,94,97,98,99,147
1ag9B_BS04_BTB	148,150,151
1akuA_BS01_FMN	10,11,12,13,14,15,58,59,60,61,93,94,95,98,100,101,102
1aqhA_BS01_CA	88,135,144,178
1aqhA_BS02_CL	172,221,262,300
1b71A_BS01_FE	158,161,163,174,177
1b71A_BS02_FE	53,94,128,131
1b71A_BS03_ZN	20,53,56,128
1b8dK_BS01_PEB	33,147
1b8dK_BS02_PEB	60,72,73,78,81,82,84,85,88,89,108,117,120,122,123,126,127
1b8dK_BS03_PEB	47,51,54,134,137,138,139,142,143,144,152
1b8dK_BS04_PEB	24,25,28
1b9hA_BS01_PLP	61,62,63,66,87,88,90,159,161,162,183,185,188
1bgvA_BS01_GLU	89,91,110,113,125,163,164,165,377,380
1btnA_BS01_I3P	8,21,22,23,69,71
1bx4A_BS01_MG	130,131
1bx4A_BS02_ADN	14,16,18,40,64,65,68,123,170,296,300
1bx4A_BS03_ADN	265,267,268,284,286,289,292,298,299,324,327,331
1cqxB_BS01_HEM	42,43,44,80,81,84,85,88,90,94,95,98,126,129,130,133
1cqxB_BS02_FAD	44,46,47,190,206,207,208,209,222,223,224,226,227,231,232,234,235,236,237,394,395,397,398
1cruB_BS01_CA	253,263
1cruB_BS02_CA	269,270,271,273,309
1cruB_BS03_CA	247,248
1cruB_BS04_UUU	76,144,228,229,231,246,247,248,343,346,348,350,376,377,406,408
1ebtA_BS01_HEM	42,43,64,67,68,92,95,96,99,101,106,109
1eyqA_BS01_NAR	36,38,48,50,101,106,109,110,113,190,191
1f2dC_BS01_PLP	50,51,54,79,200,201,202,203,205,295,296,323,324,325
1f2oA_BS01_ZN	85,97,160
1f2oA_BS02_ZN	97,132,247
1f2oA_BS03_CA	3,4,262,266
1f2oA_BS04_LEU	85,97,131,132,160,161,199,202,219,246,247
1fihB_BS01_NGA	185,187,189,198,210,211
1fihB_BS02_CA	161,165,188,198,199
1fihB_BS03_CA	185,187,198,210,211
1fihB_BS04_CA	165,199
1fx7A_BS01_CO	79,83,98,172,175
1fx7A_BS02_CO	10,102,105,106
1fx7A_BS03_CO	219,223
1g38D_BS01_NUC	21,105,106,108,116,139,167,171,172,173,196,199,200,267,268,271,274,323,393,394,397
1g38D_BS02_NUC	112,113,116,117,126,130,138,139,200,271,272,276,294,295,296,336,337,353,354,393
1g38D_BS03_NEA	21,47,71,72,76,88,89,90,105,106,107,146
1g3uA_BS01_SO4	154,161,162,167
1g3uA_BS02_SO4	10,11,12,13,14,153
1g3uA_BS03_MG	9,166
1g3uA_BS04_TMP	9,36,37,39,70,74,95,99,100,103,165
1g55A_BS01_SAH	10,11,12,13,15,34,35,36,55,56,57,58,76,78,80,298,299
1g6bA_BS01_SF4	2,20,22,24,25,34,39,40,41,42,43,45
1g6bA_BS02_F3S	4,8,12,13,14,15,16,32,49,50,51,54
1g6iA_BS01_UUU	96,151,509
1g6iA_BS02_UUU	168,171,172,175,224,226,230
1g6iA_BS03_DMJ	338,427,428,429,493,497,519,520
1gd9A_BS01_PLP	95,96,97,121,167,171,199,201,202,232,233,241
1gedA_BS01_BR	146,150,168,171,172,241
1gedA_BS02_BR	286,287,288,289,290,315
1gedA_BS03_HEM	86,87,94,98,105,153,236,239,240,243,244,247,286,289,290,344,345,346,347,350,352,353,354,358
1gqyB_BS01_ACP	126,127,128,129,130,131,291,295,326,345,346,347,348,352,356
1gqyB_BS02_MG	130,173
1gv4B_BS01_FAD	137,138,139,140,141,161,162,163,164,171,172,175,176,230,231,232,258,259,260,283,284,310,436,437,452,453,454,457,481,482
1gvfB_BS01_PGH	24,82,83,172,173,200,201,203,222,223,224,225
1gvfB_BS02_ZN	83,172,200
1gygB_BS01_ZN	56,68,126,130
1gygB_BS02_ZN	1,11,130
1h1lC_BS01_UUU	64,69,95,190,194,227,229,273,354,355,356,357,379,423,440
1h1lC_BS02_CLF	61,63,84,86,87,90,152,153,184
1h5qH_BS01_NAP	18,20,21,22,23,42,43,44,45,68,69,70,96,97,98,99,119,147,148,149,169,173,199,200,202,206
1h69B_BS01_FAD	11,15,16,17,18,20,102,103,104,105,106,147,148,149,150,155,192,200,204
1h69B_BS02_ARH	105,106,149,150,154,161,194
1h69B_BS03_FAD	66,67,68,117
1h69B_BS04_ARH	68,128,178
1h6lA_BS01_CA	43,308,339,340,341,351
1h6lA_BS02_CA	308,309,310,336,338,339
1h6lA_BS03_CA	56,57,101
1h6lA_BS04_CA	55,211,260,314
1h6lA_BS05_CA	159,211,227,260
1h6lA_BS06_CA	258,260,279
1h6lA_BS07_CA	52,76,314
1h6lA_BS08_PO4	52,76,159,211,279,314
1h6lA_BS09_PO4	76,122,159,179
1h7wD_BS01_SF4	91,92,95,97,120,126,130,132,135,136,152,153,156,490
1h7wD_BS02_SF4	79,80,81,82,86,87,140,141,142,150,152
1h7wD_BS03_SF4	948,953,954,955,956,957,958,959,980,996,997,998,1001,1002
1h7wD_BS04_SF4	946,963,968,971,982,986,987,988,989,990,991,992,1004
1h7wD_BS05_FMN	549,550,551,552,574,575,590,609,668,709,736,737,766,767,793,794,795,816,817,820
1h7wD_BS06_FAD	129,194,196,197,198,218,219,220,225,226,230,231,235,259,260,261,282,283,284,310,342,343,346,480,481,487,488,489,492
1hf3B_BS01_CD	46,67,174
1hf3B_BS02_CD	97,100,103,111
1hf3B_BS03_NAD	46,47,48,51,174,178,199,201,202,203,223,228,268,269,292,293,294,317,318,319,362,369
1hl7B_BS01_BD1	31,32,97,98,99,125,162,166,204,232,233,259
1hpuD_BS01_MN	84,116,117,217,252
1hpuD_BS02_MN	41,43,84,254
1hpuD_BS03_A12	116,117,178,252,375,379,405,407,410,429,431,458,498,504
1i7qB_BS01_GLU	56,57,58,59,84,85,88,132,133,134,135
1i9cC_BS01_B12	13,14,15,16,17,18,19,23,61,63,64,65,91,92,93,95,96,97,117,121,123
1icuB_BS01_FMN	38,39,40,42,145
1icuB_BS02_NIO	70,166
1icuB_BS03_NIO	40,41,124
1icuB_BS04_FMN	10,11,12,14,71,74,144,163,164,165,166,205,207
1iw1A_BS01_HEM	13,20,24,29,33,130,131,132,135,138,139,142,173,177,201,204,208
1j20A_BS01_AMP	6,13,31,32,33,37,92,113,114,125,170
1j20A_BS02_AS1	84,88,89,115,116,119,120,121,124,177,179,253,265,305
1jbwA_BS01_MG	73,143
1jbwA_BS02_ACQ	47,48,49,50,51,52,73,143,165,260,264,300,313,314,315,316,319,397,398,399
1jbwA_BS03_TMF	15,74,75,82,120,121,399,402
1jk7A_BS01_MN	64,92,124,125,173,248
1jk7A_BS02_MN	64,66,92,248,267
1jk7A_BS03_OKA	96,125,130,134,220,221,272,273,275,276
1jkuE_BS01_CA	218,220,222,225
1jkuE_BS02_CA	57,61
1jkuE_BS03_UUU	35,66,69,147,148,178,181
1jkuE_BS04_UUU	35,66,69,174,178
1jrzA_BS01_HEM	8,9,14,17,18,24,69,73,74,75
1jrzA_BS02_HEM	4,7,8,12,16,17,35,36,39,40,72,94
1jrzA_BS03_HEM	40,42,43,46,49,50,52,57,58,66,67,68,71,72,80,82,90,91,92
1jrzA_BS04_HEM	54,55,56,60,61,62,82,84,85,86,88,167,338,374,431,434,435,438
1jrzA_BS05_FAD	132,133,135,136,137,156,157,158,163,164,165,167,168,169,170,171,276,277,278,312,313,314,336,338,344,375,504,505,533,534,544,547,548,549,550,553
1jrzA_BS06_FUM	170,365,375,377,378,402,504,544,546,547
1jszA_BS01_SAH	39,42,66,67,68,69,70,71,72,74,95,97,115,116,138,139,140,153
1jszA_BS02_NDM	22,174,176,198,227
1ju2B_BS01_UUU	116,131,132,135,171,176,178
1ju2B_BS02_UUU	366,392
1ju2B_BS03_FAD	33,35,36,37,54,55,56,98,100,101,102,105,106,110,111,112,113,215,217,256,257,258,379,458,459,486,487,497,498,499,502
1jx4A_BS01_NUC	107,153,186,187,188,190,191,222,297,298,299,300,302,340
1jx4A_BS02_NUC	33,38,41,42,43,59,61,219,220,221,243,244,245,246,247,248,249,251,276,294,332,333,337
1jx4A_BS03_CA	8,9,106
1jx4A_BS04_MG	182,187
1jx4A_BS05_ADI	8,9,11,12,13,45,46,52,58,77,106,160
1k0iA_BS01_SO3	36,123
1k0iA_BS02_FAD	8,9,11,12,13,31,32,33,34,42,44,45,102,127,158,159,160,163,164,266,285,286,296,298,299
1k6xA_BS01_NAD	12,14,15,16,17,37,80,81,82,84,85,113,131,150,151,152,153,156,276
1ka1A_BS01_CA	72,142,144,145
1ka1A_BS02_MG	142,145,294
1ka1A_BS03_A3P	72,142,145,146,147,240,241,263,264,267,281,288,294
1kgqA_BS01_NPI	104,124,139,141
1kgqA_BS02_SCO	183,185,186,187,203,204,217,234,253,254,259,260,263
1kp8K_BS01_ATP	30,31,32,33,53,87,88,89,90,91,414,415,478,479,480,481,493,495
1kqfB_BS01_SF4	39,40,41,42,43,44,45,80,179,180,181,184
1kqfB_BS02_SF4	32,49,53,78,97,160,161,162,163,173,174,175
1kqfB_BS03_SF4	100,101,102,103,106,107,108,126,143,144,145,147,148,159
1kqfB_BS04_SF4	112,113,114,117,118,133,134,135,136,137,138,139,157
1kqfB_BS05_HEM	138,253
1kt8B_BS01_ILP	575,577,599,641,643,692,702,707,737,740,741,742,766,768,769,770,812,813
1ktgA_BS01_MG	19,111
1ktgA_BS02_MG	36,37,56
1ktgA_BS03_MG	52,56,103
1ktgA_BS04_AMP	29,31,36,76,83,121
1kwfA_BS01_BGC	84,93,95,132,145,148,149,150,152,201,204,205,215,277,278,281,369,371,372
1kytA_BS01_CA	8,174,175,177,178
1kytA_BS02_CA	11,174
1kytA_BS03_CA	43,44,138,139,140,143
1lwdB_BS01_ICT	212,252
1lwdB_BS02_ICT	78,95,97,101,110,133,140,275
1m2aA_BS01_FES	9,11,13,21,22,55,56,57,58,59,64
1mlqA_BS01_UUU	39,42,43,45,64,67,68,71,89,92,93,97,99,103,104
1mrpA_BS01_FE	9,57,195,196
1mrpA_BS02_PO4	57,58,101,139,140,141,175,193,195,196
1mv8C_BS01_NAD	7,9,10,11,29,30,31,35,83,84,85,86,98,102,105,123,124,157
1mv8C_BS02_NAD	271,331
1mv8C_BS03_GDX	157,158,159,160,161,210,214,217,221,225
1mv8C_BS04_GDX	251,256,257,258,259,262,264,265,268,323,324
1n1dB_BS01_SO4	14,17,118,119
1n1dB_BS02_C2G	8,9,10,17,20,44,46,71,74,77,91,92,94,95,99,113,114,117
1nfvN_BS01_FEC	20,27,28,31,35,50,57,61,168
1nfvN_BS02_FE	23,56,59,132
1nfvN_BS03_FE	56,99,132,135
1nfzB_BS01_MN	25,32,69,114,116
1nfzB_BS02_MG	67,87
1nfzB_BS03_EIP	21,51,55,67,68,69,83,87,104,114,116,161
1nhiA_BS01_MG	32,97
1nhiA_BS02_K	69,70,71,72,75,95
1nhiA_BS03_ANP	32,36,57,61,62,70,76,77,78,92,93,94,95,96,97,98,142,306
1nkpA_BS01_NUC	898,902,906,910,913
1nkpA_BS02_NUC	903,906,907,910,911,914,918,938,939
1nrjB_BS01_MG	52,69
1nrjB_BS02_MG	197,199
1nrjB_BS03_GTP	47,48,49,50,51,52,53,66,69,90,154,155,157,158,210,211
1ntoA_BS01_ZN	98,101,104,112
1ntoA_BS02_ZN	38,68,69,154
1o03A_BS01_G16	8,9,10,20,46,47,49,52,114,115,116,117,118,145
1o03A_BS02_MG	8,10,170
1o94A_BS01_FMN	27,28,29,30,59,60,103,169,172,222,264,267,268,297,299,320,321,322,323,352
1o94A_BS02_ADP	395,396,398,399,400,419,420,426,427,469,470,486,487,488,673,674
1o94A_BS03_SF4	322,325,345,346,347,348,349,351,364,365,366
1obnA_BS01_UUU	87,91,183,187,189,211,214,216,270,281,283,285
1ocmA_BS01_POP	111,113,131,151,152,153,154,155,158,359
1ohaA_BS01_ADP	8,10,11,180,181,182,184,185,186,209,210,211,212,213,214,217
1ohaA_BS02_NLG	43,44,45,65,66,80,122,147,158,159,160,161
1oj6B_BS01_HEM	31,41,42,44,64,67,68,71,88,92,95,96,106,109
1othA_BS01_PAO	90,91,92,93,141,163,168,198,199,200,263,267,268,303,304,330
1p1jA_BS01_PO4	323,324,325,326,373,412,489
1p1jA_BS02_NAI	71,72,74,75,76,77,148,149,184,185,198,244,245,246,247,295,296,320,321,323,355,356,369,438,442,489
1p1jA_BS03_GOL	350,356,360,369,373,402,412,438
1pjxA_BS01_CA	21,120,175,229
1pjxA_BS02_CA	232,273,274
1pjxA_BS03_UUU	151,169,170,171,194,201,214
1pjxA_BS04_DXE	244,269,287
1pjxA_BS05_DXE	8,296,297
1pjxA_BS06_MXE	213,214
1pl8D_BS01_ZN	44,69,70
1pl8D_BS02_NAD	181,182,183,203,204,208,223,249,250,272,273,274,296,297,298
1pvyA_BS01_5RP	25,26,30,55,95,151,161,163,164,165,183,185
1pvyA_BS02_ZN	26,164
1pvyA_BS03_CA	26,95
1pvyA_BS04_CA	96,97
1pvyA_BS05_CA	204,207
1q1rA_BS01_FAD	10,11,13,14,15,36,37,45,46,49,50,81,82,83,109,110,111,112,133,134,160,254,283,284,300,301,302,303,305,330
1qa7B_BS01_IVF	28,29,44,123,124,169,170,171,172
1qdbA_BS01_CA	216,217,260,279,281
1qdbA_BS02_UUU	91,95,96,98,107,108,111,113,114,125,129,132,133,213,214,217,219,237,281,282,404,406
1qdbA_BS03_HEM	52,56,59,60,63,166,167,170,171,178,202,206,305,307,315,316,318
1qdbA_BS04_HEM	69,98,99,100,101,103,104,107,132,133,165,209,210,212,213,214,300,304,305,320,321,322
1qdbA_BS05_HEM	98,210,214,288,293,298,299,300,303,304,322,323,324,325,406,407,409,410,411
1qdbA_BS06_HEM	292,293,298,303,324,325,331,332,335,336,343,347,350,410
1qfvA_BS01_HSM	36,39,41,42,82,100,108,110,124,135
1qhjA_BS01_RET	83,86,90,93,118,122,138,141,142,145,182,185,186,189,212,215,216
1qhjA_BS02_PH1	48,52,56,64,80,84,87,88,92,123,127
1qhjA_BS03_PH1	133,139,140
1qhjA_BS04_PH1	131,132,135,138,139,143,146,190,196
1qhjA_BS05_PH1	196,198
1qhjA_BS06_PH1	172,175,176,179,180,183,184,187
1qhjA_BS07_PH1	107,110,114,117,140,144,147,150
1qhjA_BS08_PH1	145,146,149,150,153,154,183
1qhjA_BS09_PH1	19,26,177,210,213,214,217,218,221,225
1qtwA_BS01_ZN	69,109,145
1qtwA_BS02_ZN	182,229,231
1qtwA_BS03_ZN	145,179,216,261
1qw8A_BS01_KHO	27,29,73,74,99,174,180,216,246,294,351
1rqjA_BS01_MG	105,111
1rqjA_BS02_MG	105,111
1rqjA_BS03_IPR	65,66,69,98,102,117,203,240,241,244
1rqjA_BS04_RIS	102,105,111,116,179,202,203,244,258
1rwfA_BS01_UUU	124,125,126,134,169,174,183,233,241,242,245,296,300,303,308,410,412,465
1s66L_BS01_UUU	34,36,65,68,69,70,73,77,80,81,84,95,97,99,101,113,115,126,128
1sdsA_BS01_NUC	29,30,31,32,33,52,53,54,57,78,87,89,90,91,92
1sdsA_BS02_NUC	53,54
1sdsA_BS03_NUC	25,44,98,99,100,101,102
1si0A_BS01_FE	101,142,198,199
1si0A_BS02_CO3	10,11,14,58,101,142,198,199
1t2aA_BS01_NDP	30,32,33,34,35,55,77,78,99,100,101,103,114,118,144,145,146,170,174,197,199,200,205
1t2aA_BS02_GDP	105,199,208,209,210,213,231,232,233,236,238,272,314,316,319
1t2aA_BS03_NDP	56,57,58
1t3qB_BS01_UUU	224,253,254,255,256,370,371,506,507,508,510,513,544,545,546,547,548,549,550,666,668,670,671,674,675,678,738,739,740,741,742,743
1t8uB_BS01_UUU	161,166,184,186,190,215,217,218,252,253,255,256,259,260,283,284,285,367,368,370
1t8uB_BS02_A3P	162,163,164,165,166,167,243,251,316,349,350,364,368,369,370,372
1tq4A_BS01_MG	82,83,122
1tq4A_BS02_GDP	79,80,81,82,83,84,102,103,180,182,227,228,229
1u02A_BS01_MG	7,9,179
1u02A_BS02_GOL	9,15,19,47,116
1u02A_BS03_GOL	36,39,40,41,59,61
1ubpC_BS01_BME	139,170,220,222,249,275,280,363,366,367
1ubpC_BS02_BME	322,323,366
1uqtA_BS01_U2F	81,150,181,221,256,258,263,293,334,335,337,340,357,358,359,360,361,362,365
1uutB_BS01_NUC	25,26,29,58,61,65,118,119,121
1uutB_BS02_MG	82,89,91
1uy3A_BS01_CA	25,27,47,137
1uy3A_BS02_XYP	41,42,43,50,51,107,108,133,135
1vg8A_BS01_MG	1022,1040
1vg8A_BS02_GNP	1017,1018,1019,1020,1021,1022,1023,1033,1034,1035,1037,1040,1066,1125,1126,1128,1129,1155,1156,1157
1w0uB_BS01_NUC	447,468,470,471,484,485,488,492
1w0uB_BS02_NUC	446,447,448,449,450,482,486,489,490,492,493,497
1w66A_BS01_DKA	76,78,79,81,83,91,145,146,147,158,159,176
1w9eA_BS01_III	124,125,126,127,128,142,175
1w9eA_BS02_III	208,209,210,211,212,213,214,222,251,255,258
1whtA_BS01_UUU	26,104,106
1whtA_BS02_BZS	50,51,52,55,60,147,148,149,241
1wrvB_BS01_PLP	59,148,159,164,193,196,216,218,219,220,255,256
1wvmB_BS01_III	30,65,99,104,110,129,130,131,132,156,158,159,166,167,367,368,369
1wvmB_BS02_CA	2,39,76,78,80,81,82
1wvmB_BS03_CA	404,405,406,407,408,409,411
1wvmB_BS04_MG	404,405,409,411,414,415,416,417
1wvmB_BS05_MG	169,170,171,174,195
1wvmB_BS06_MG	174,175,176,195,197
1x38A_BS01_UUU	221,222,294
1x38A_BS02_UUU	425,487,493,496,498,500,503
1x38A_BS03_UUU	118,119,120,566,598,600
1x38A_BS04_IDD	95,158,206,207,250,253,285,286,291,316,430,434,491
1x3xB_BS01_HEM	31,34,38,39,40,43,44,46,47,56,59,61,62,65,68,73
1x82A_BS01_PA5	54,56,73,87,89,90,99,101,138,150,152,154,162
1xcwA_BS01_3SA	59,63,102,152,196,198,199,201,202,234,236,241,300,301,307,308
1xcwA_BS02_CA	101,159,168,202
1y07C_BS01_FE	52,107
1y07C_BS02_FE	46,66,72,115,118
1y20A_BS01_1AC	92,124,125,126,131,179,180,223,224,250
1yhtA_BS01_GOL	27,280,330,332
1yhtA_BS02_GOL	94,166,169,170
1yqzB_BS01_CL	41,43
1yqzB_BS02_COA	419,426,427,432,435,436
1yqzB_BS03_FAD	419,420,421
1yqzB_BS04_CL	353,354,436
1yqzB_BS05_COA	10,11,14,15,18,19,22,39,40,42,43,61,62,67,71,295,299
1yqzB_BS06_FAD	7,8,10,11,12,32,33,34,35,42,43,46,79,80,81,112,113,114,130,131,158,242,245,276,277,293,294,295
1z01C_BS01_FE	221,225,365
1z01C_BS02_FES	84,86,87,89,105,107,108,109,110
1z0sA_BS01_ATP	50,54,115,116,157,158,161,209,211
1z0sA_BS02_POP	8,48,50,51,54,71,72
1z0sA_BS03_ATP	125,126,127,145,180,182
1z2pX_BS01_MG	275,289
1z2pX_BS02_MG	289,291
1z2pX_BS03_ACP	94,109,136,147,149,168,169,170,171,173,177,194,195,210,275,288,289,291
1z2pX_BS04_I3S	17,57,141,142,147,179,181,291,294,295
1zlqA_BS01_EDT	22,27,97,100,137,398,402,416,490
1zo9B_BS01_HEM	69,75,86,87,96,107,153,261,264,265,268,269,272,327,331,392,393,394,398,399,400,401,402,406
1zo9B_BS02_EPM	20,29,42,47,51,72,73,74,78,82,188,329,437,438
1zzmA_BS01_ZN	9,11,97,207
1zzmA_BS02_ZN	97,133,157
1zzmA_BS03_ZN	117,144,148
2a15A_BS01_NCA	16,28,40,73,95,111,113,124
2a5sA_BS01_GLU	87,113,115,120,171,172,173,213,214
2a7nA_BS01_FMN	26,27,79,80,81,108,129,131,156,231,253,255,256,258,284,285,286,288,307,308
2afxB_BS01_ZN	159,196,324
2afxB_BS02_1BN	159,195,196,201,242,243,298,319,323,324
2airA_BS01_CP	54,55,105,134
2airA_BS02_AL0	51,52,53,54,105
2aotB_BS01_2PM	9,15,22,146,147,179,183,196,197,198,243,246
2aotB_BS02_SAH	29,60,61,62,89,90,91,94,119,120,142,143,144,147
2b3yA_BS01_SF4	126,176,177,178,207,436,437,503,506,507,535
2bc0A_BS01_FAD	7,8,10,11,12,33,34,35,36,44,46,80,81,110,111,112,113,143,170,171,255,291,292,308,309,310,311
2bc0A_BS02_FAD	436,437
2biiA_BS01_SO4	145,157,453
2biiA_BS02_SO4	64,66,89,155,156
2biiA_BS03_MTV	86,87,88,89,91,137,139,140,195,202,233,238,245,246,247,249,250,251,252,272
2bk9A_BS01_HEM	31,38,41,42,43,61,64,65,68,69,89,92,95,96,99,101,105,106,109,113
2bk9A_BS02_CXS	1,76,82,85,134,137
2c1dF_BS01_HEC	59,61,64,65,80,83,89,90,98,99,106,110,111,112,114,148
2c2wC_BS01_5CD	213,215,254,277,279
2c2wC_BS02_5CD	16,17,50,77,78,80,155,156,158
2c4iA_BS01_BTN	15,17,18,20,22,42,63,78,82,99,101,103,104,105,106
2c4iA_BS02_BTN	124,126,146,167,185,187,189,206,208,210,211,212,213,243,246
2ckiA_BS01_III	185,187,188,189,220,224,225,229,292,293,295
2ckiA_BS02_CA	240,243,249,262,263
2ckiA_BS03_CA	254,256,259
2ckiA_BS04_ZN	228,232,238
2czlA_BS01_TLA	39,55,57,106,107,108,145,176
2d5mA_BS01_ZN	39,40
2d5mA_BS02_FMN	16,29,31,32,33,34,35,49,50,51,54,55,56,82,83,85,86,87,92,161,168
2dbyA_BS01_GDP	12,13,14,15,16,17,109,111,199,200,232,233,234
2ddsA_BS01_CO	55,57,80,99,100
2ddsA_BS02_CO	232,296
2dg1D_BS01_CA	48,138,185,236,237
2dg1D_BS02_CA	110,111,112,129,130,133,134,135
2dgmD_BS01_PLP	317,318
2dgmD_BS02_IOD	185,366,381
2dgmD_BS03_IOD	67,68,73
2dgmD_BS04_IOD	382,391,392,419
2dgmD_BS05_PLP	125,126,127,163,165,208,212,243,245,273,275,276
2dgmD_BS06_IOD	67,427
2dpmA_BS01_SAM	17,18,19,20,21,43,44,45,46,48,62,63,176,177,178,194,195,209
2dtxA_BS01_BMA	84,132,133,134,145,175,176,245
2e52C_BS01_NUC	49,60,64,88,89,90,93,110,111,112,113,116,117,118,120,123,125,132
2e52C_BS02_NUC	20,56,58,61,86,88,118,120,121,122,149,150,151,152,153,154,276,280
2e56A_BS01_NAG	26,31,156
2e7zA_BS01_SF4	9,11,12,14,15,16,45,46,48,49,179,180
2e7zA_BS02_MGD	111,114,137,140,141,295,299,416,417,418,422,423,442,443,444,447,460,465,606,612,613,614,676,699,703,719
2e7zA_BS03_MGD	13,48,141,170,171,172,173,177,178,179,199,200,201,202,204,216,218,219,221,293,295,296,300,602,604,605,606,607,608,610,611,612,720
2e7zA_BS04_W	13,141,293
2e7zA_BS05_MPD	14,15,39,40,41,181,185,477
2e7zA_BS06_MPD	14,158,387,475
2ehuB_BS01_SER	185,322,323,477,478,485
2ehuB_BS02_NAD	180,181,182,183,184,189,207,209,210,240,244,245,258,259,260,261,264,288,289,290,322,417,419,445,485
2ez2A_BS01_K	52,53,256,262
2ez2A_BS02_PO4	98,99,100,254,256,257
2ez2A_BS03_K	69,295,296
2f5vA_BS01_KBG	169,448,450,452,472,474,546,548,593
2f5vA_BS02_FAD	52,53,55,56,57,76,77,107,158,159,160,163,164,167,168,169,170,171,281,283,319,320,324,547,593,595
2f67A_BS01_12B	127,134,135,136
2f67A_BS02_12B	19,20,46,47,50,57,61
2ffaA_BS01_ADP	477,484,505,506,507,508,509,510,513
2fjbA_BS01_SFD	29,30,31,32,33,56,57,63,64,65,66,70,72,73,74,174,175,176,213,214,215,234,235,236,239,242,265,365,397,398,438,439,448,449,452
2fjbA_BS02_AMP	74,95,145,265,273,274,278,311,398,448
2fjbA_BS03_AMP	264,277,282,284,292,293,317,318,321
2fm6B_BS01_ZN	106,108,182
2fm6B_BS02_ZN	110,111,247
2fmkA_BS01_III	90,92,95,99,103,106,107,108,119,122,126
2fmkA_BS02_MG	13,57,59
2fmkA_BS03_BEF	57,58,59,87,88,109
2fozA_BS01_MG	52,53,54,292
2fozA_BS02_MG	25,290,292,293
2fqyA_BS01_ADN	27,28,36,85,108,158,186,210,212,237,238,260
2gagB_BS01_SO3	172,278
2gagB_BS02_FAD	28,30,31,32,52,53,54,60,61,62,64,65,66,67,68,195,196,197,225,226,227,229,233,248,250,327,329,354,355,356,357,358,359
2gagB_BS03_FMN	63,64,65,67,173,252,278,280,323,325
2gagB_BS04_FOA	66,68,70,265,272,355,356,359,403
2gepA_BS01_UUU	81,83,113,115,116,117,119,121,123,153,196,197,199,214,238,239,240,378,416,417,421,422,423,424,463,464,465,467
2gepA_BS02_SF4	416,418,422,424,425,459,460,461,463,464,465
2gf0B_BS01_GDP	17,18,19,20,21,22,33,121,122,124,125,150,151,152
2gheX_BS01_HEM	34,37,41,132,134,141,145,159,160,162,163,165,166,167,168,169,172,173,179,205,207,235
2gmuB_BS01_PDG	215,217,248,250
2gmuB_BS02_PDG	55,56,57,87,88,91,159,161,162,183,185,188
2gqnB_BS01_BLP	85,86,87,111,113,154,185,207,209,210,219,338,339,340,372
2gsmA_BS01_DMU	451,510,517
2gsmA_BS02_DMU	451,506,510
2gsmA_BS03_DMU	20,35,443,444
2gsmA_BS04_CU	284,333,334
2gsmA_BS05_MG	411,412
2gsmA_BS06_CA	54,57,59,60,61
2gsmA_BS07_HEA	34,38,45,48,51,52,95,99,102,103,106,107,110,111,171,172,414,420,421,424,425,429,432,460,467,468,471,481,482,501,504,508,511
2gsmA_BS08_HEA	172,280,287,288,291,333,334,352,355,356,359,360,363,391,395,398,399,401,402,407,411,416,419,420,423,424,481
2gsmA_BS09_DMU	364,367,371
2gsoB_BS01_ZN	54,90,257,258
2gsoB_BS02_ZN	210,214,363
2gsoB_BS03_VO4	54,90,111,123,210,214,258,363
2hf9A_BS01_MG	47,75,120
2hf9A_BS02_ZN	100,104
2hf9A_BS03_GSP	42,43,44,45,46,47,48,75,78,120,167,168,170,171,199,200,201
2hf9A_BS04_GSP	146,153,174,175
2icyB_BS01_UPG	85,86,87,88,134,162,189,191,192,220,222,271,293,295,360
2igaD_BS01_UUU	155,157,192,200,214,248,250,251,257,267,269,292,293
2iuwA_BS01_FE	191,193,249
2iuwA_BS02_FE	74,75
2iuwA_BS03_FE	81,82,83,86,88,242,246
2iuwA_BS04_AKG	177,179,181,191,193,249,251,261,263,267
2ivfA_BS01_SF4	82,84,86,90,91,92,94,126,127,130,854
2ivfA_BS02_MO	221,223,849
2ivfA_BS03_MGD	85,86,87,129,223,253,254,255,256,259,260,281,282,283,284,286,298,301,303,445,446,447,847,848,849,850,853,854,855,967
2ivfA_BS04_MD1	192,194,195,221,223,450,607,608,609,612,613,615,635,636,637,638,640,652,654,655,658,687,849,855,856,920,932,933,936,966,967
2ivfB_BS01_F3S	163,165,168,184,185,186,187,188,189,190,208
2ivfB_BS02_SF4	151,152,153,154,157,158,159,177,194,196,198,199,210
2ivfB_BS03_SF4	28,29,30,31,32,33,34,56,148,230,231,234,235
2ivfB_BS04_SF4	38,42,53,54,150,211,212,213,214,224,225,226
2ivfB_BS05_HEM	165,185,187
2ivnA_BS01_ANP	9,10,107,127,129,130,131,155,159,172,173,176,253,254,256,257,280,284,285
2ivnA_BS02_MG	111,129,252,253,284,285
2j09A_BS01_FAD	197,209,210,211,212,213,216,241,244,245,247,248,307,308,310,313,317,339,341,342,343,346,347,349,350,351
2j09A_BS02_FMN	9,10,34,35,36,39,40,46,50,98,104,218
2jfyB_BS01_DGL	7,8,38,39,40,70,71,72,116,181,182,183
2ji7A_BS01_OXT	263,264,265,266,267,285,286,358,359,362,377,400,401,402,403,404,408,409,426,428,451,452,453,454,457,479,481,482,483,555,556
2ji7A_BS02_MG	452,479,481
2ji7A_BS03_ADP	98,160,161,221,222,223,226,247,280,281,282,286,306,307,324,325,326
2ji7A_BS04_OXT	32,56,79,82,86,120,121
2o49A_BS01_NUC	400,401,404,421,425
2o49A_BS02_NUC	389,390,402,403,406,407
2o4uX_BS01_PO4	1009,1010,1036,1037,1041,1058
2o4uX_BS02_PO4	1009,1011,1041
2o4uX_BS03_PO4	1156,1233,1236,1251,1254
2o4uX_BS04_PO4	1102,1103,1104,1319
2o4uX_BS05_PO4	1002,1003,1293,1297
2o4uX_BS06_PO4	1235,1237,1248
2o4uX_BS07_GOL	1154,1156,1158,1254
2o9vA_BS01_III	830,854,855,857,858,871,875,876
2ob0C_BS01_ACO	26,27,28,77,78,79,84,85,86,87,88,89,90,112,113,114,117,119,120,122,123,139
2ogiB_BS01_FE	30,59,60,136,142
2ogiB_BS02_FE	59,60,92,118,119
2ogiB_BS03_GDP	30,60,63,89,92,118,119,136,142,169,173,179,181,184
2ohhB_BS01_FMN	26,152,202
2ohhB_BS02_FE	87,88,170,233
2ohhB_BS03_FE	85,151,170
2ohhB_BS04_FMN	265,266,267,268,269,270,316,317,318,319,320,351,352,353,354,355,356,381
2oqeE_BS01_CU	456,458,624
2oqeE_BS02_XE	156,317,319,323,402,405
2oqeE_BS03_XE	121,155,323,403
2oqeE_BS04_XE	296,411,419,420,421,641,643
2ou5B_BS01_FMN	83,90,92,151,153
2ou5B_BS02_FMN	30,44,45,46,47,61,62,66,67,68
2oz5A_BS01_7XY	57,59,60,81,93,97,100,117,121,125,152,153,154,155,156,157,158,195,219,223
2oz5A_BS02_7XY	59,60,63,64,94,97,153,198,202,203,219
2pfzA_BS01_PCA	120,123,143,145,165,182,183,186,207
2pgoB_BS01_TPP	25,26,27,52,76,78,79
2pgoB_BS02_MG	451,478,480
2pgoB_BS03_FAD	153,213,214,215,218,219,239,240,241,257,258,259,260,261,279,280,281,283,285,286,302,303,304,307,320,321,322,406,420,421,424
2pgoB_BS04_TPP	398,399,400,401,424,426,450,451,452,453,456,478,480,481,482,483,484
2pn6A_BS01_GLN	73,77,96,97,98,99,101,102
2pnyA_BS01_CA	86,115
2pnyA_BS02_MN	40,51,88,146,148
2pnyA_BS03_POP	16,36,70,74,86,87,88,111,115
2psjB_BS01_CEI	154,160,163,172,178,179,187,259,260,283
2pulA_BS01_MG	39,239,241
2pulA_BS02_ACP	35,39,41,50,52,103,104,105,106,107,111,229,238,239,241
2q0oB_BS01_LAE	40,53,55,59,72,74,75,87,92,103,107,112,129
2q2aD_BS01_ARG	28,31,35,68,85,86,87,88,93,132,135,136,175,205
2q3eL_BS01_NAD	10,11,13,14,15,36,37,41,88,89,90,91,108,111,130,131,161,163,165,276,279,346
2q3eL_BS02_UPG	162,163,164,165,220,224,231,265,267,269,272,273,276,277,338,339,436
2q3wA_BS01_MG	53,54
2q3wA_BS02_MG	96,97
2q3wA_BS03_FES	45,47,50,64,66,67,68,69
2q5lA_BS01_MG	424,451,453
2q5lA_BS02_UUU	377,397,399,423,424,425,426,451,453,454,455,456,457
2q5lA_BS03_UUU	23,24,25,48
2q9uA_BS01_UUU	30,31,85,87,89,90,152,171,199,203,230
2q9uA_BS02_FMN	265,266,267,268,269,270,316,317,318,319,320,349,350,351,352,353,382
2qb7A_BS01_CO	41,127,148,149,169
2qb7A_BS02_CO	39,381
2qb7A_BS03_PO4	35,37,39,127,148,149,268
2qb7A_BS04_PO4	286,380,381
2qb7A_BS05_PO4	268,381,382
2qdxA_BS01_FAD	37,51,52,53,54,67,68,69,71,74,75,76,77,117,120,252,253,254,255,256,257,258
2qgiB_BS01_MN	82,84,202,204
2qgiB_BS02_UDP	23,25,54,58,82,83,84,175,202,204,205
2qthA_BS01_GDP	153,155,156,157,158,159,160,255,256,258,259,289,290,291
2r59A_BS01_ZN	295,299,318
2r59A_BS02_PH0	134,136,137,267,268,269,271,291,295,296,299,314,318,378,379,380,383,563,565
2rafA_BS01_NAP	8,10,11,12,30,31,32,46,47,48,71,72,73,108,109,111,112,113
2rc3C_BS01_NAD	76,118,119,122,123,124,140
2rc3C_BS02_NAD	33,36,37,38,58,59,60,62,125,137,139,140,141,142,145
2regA_BS01_CHT	43,45,90,119,152,156,157,205
2uxwA_BS01_FAD	143,145,146,151,152,178,179,180,228,386,390,393,395,396,471
2uxwA_BS02_TH3	73,89,93,104,105,107,108,113,143,151,266,390,391,392
2uyuA_BS01_ZN	141,143,212
2uyuA_BS02_FE	158,200,204
2v3yA_BS01_III	243,260,350,351,354,366,370,383,404
2v3yA_BS02_MN	271,354,381,383,406
2v3yA_BS03_MN	229,260,271,273,383,406
2v85B_BS01_III	415,436,442,443,444,445,453,466,467,469,470,472,474,476
2v85B_BS02_ZN	419,423,455,458
2v85B_BS03_ZN	446,452,478,481
2v8hC_BS01_ZN	114,125,226
2v8hC_BS02_ZN	125,160,421
2v8hC_BS03_URP	125,160,167,229,251,322,395,396,397,421
2v8hC_BS04_URP	262,309
2vecA_BS01_CL	37,38,157,158
2vecA_BS02_CL	199,210,211
2vg3A_BS01_GPP	75,76,77,78,79,80,89,93,96,100,119,127,271
2vg3A_BS02_PO4	244,250,252
2vkuA_BS01_DBE	16,179,187,188
2vkuA_BS02_DBE	99,225,229,241,253
2vkuA_BS03_DBE	308,312,384,387,393,397,401
2vkuA_BS04_DBE	76,79,83,96,255,259,323,433
2vkuA_BS05_HEM	76,96,100,105,256,257,260,261,264,320,321,324,326,386,387,388,394,395,396,399,400
2vqmA_BS01_HA3	145,156,157,187,216,279,288,319
2vqmA_BS02_ZN	185,187,279
2vqmA_BS03_ZN	21,23,27,96
2vvnB_BS01_NHT	135,136,137,166,242,243,278,282,310,337,339,344,345,372
2vzsA_BS01_GCS	202,203,204,394,419,469,512,516,541,642,653,781
2wboA_BS01_ARG	137,156,157,158,165,170,222,224,268,270,334
2wboA_BS02_UUU	146,165,168,170,183,194,316,318,330,332,334
2wcmA_BS01_B9M	9,12,52,56,62,73,90,98,111,114
2wj6A_BS01_ZZ8	36,38,100,101,102,143,156,160,185,188,192,251
2wjeA_BS01_MN	42,80,108,136,139
2wjeA_BS02_MN	5,7,42,80,199,201
2wjeA_BS03_MN	7,14,42,201,206
2wkaA_BS01_P89	30,32,107,108,109,133,173,177,202,204,205,233,236,345,346,348
2wkaA_BS02_P89	79,257,263,264,265,266
2woeC_BS01_MN	28,243,245,246
2woeC_BS02_AR6	60,97,99,100,101,102,121,122,124,125,126,127,130,158,211,212,243,245,246
2wpfD_BS01_FAD	10,11,13,14,15,34,35,36,46,47,50,51,52,56,57,60,125,126,127,159,160,161,198,199,287,290,326,327,333,334,335,336,338
2wpfD_BS02_WPF	14,17,18,21,49,53,110,113,114,339
2wtaA_BS01_ZN	54,56,89
2wtaA_BS02_VGL	16,21,27,54,86,89,123,154,155,158,159
2wycB_BS01_3LA	1,24,32,50,57,58,68,70,158,162,186
2xz7A_BS01_PEP	294,296,332,429,452,453,454,455,465,502,503
2xz7A_BS02_MG	431,455
2y09A_BS01_CA	34,35
2y09A_BS02_CA	34,189,227
2y09A_BS03_MG	194,223
2y3cA_BS01_CA	101,255,256,258,260,262,295
2y3cA_BS02_CA	101,255,256,257,258,260,262,294,295
2y43B_BS01_ZN	41,43,60,63
2y43B_BS02_ZN	25,28,46,49
2y7fC_BS01_ZN	46,48,230
2y7fC_BS02_KMH	14,46,48,82,84,85,87,106,108,119,145,230
2ycdA_BS01_GTB	22,26,27,32,33,34,59,72,73,85,86,187
2yl8A_BS01_MN	329,388
2yl8A_BS02_MN	477,485
2yl8A_BS03_MN	422,447
2yl8A_BS04_MN	550,553
2yl8A_BS05_UUU	196,297,360,361,364,415,439,443,469,471,482,517,519
2ylnA_BS01_III	56,59,97,114,115,116,123,162,165,166,167,183,184,201
2yxoB_BS01_SO4	7,13,38,80,108,224,226
2yxoB_BS02_ZN	80,108,154
2yxoB_BS03_FE	7,13,38,226
2yxoB_BS04_FE	5,7,38,80,224,226
2yxxA_BS01_PLP	46,65,88,177,179,182,214,246,248,249,343
2yzbC_BS01_URC	163,174,180,221,222,223
2yzbC_BS02_URC	20,64,66,67,68
2z22X_BS01_PO4	9,10,11,37,38,56,135,139,140,141
2z6iB_BS01_CA	159,162
2z6iB_BS02_CA	138,145
2z6iB_BS03_FMN	19,20,21,22,70,72,138,142,143,170,171,190,192,193,207,282
2z70A_BS01_NUC	13,15,19,21,24,55,58,74,76,78,81,82,83,93,128,132,133,208
2z70A_BS02_CA	26,241,242,244
2z8iD_BS01_AZS	391,409,411,430,433,444,462,463,464,483,484
2zfoB_BS01_HEM	45,46,48,49,62,65,66,69,70,93,94,97,99,103,104,107,137,140
2zfoB_BS02_HEM	89,93
2zfoD_BS01_UUU	91,95
2zfoD_BS02_HEM	39,49,50,64,67,68,71,72,92,96,99,106,107,110,141
2zm8A_BS01_ACA	107,108,166,182,211,262,313,327,339,340,341,366,371
2zxyA_BS01_HEC	12,14,15,16,23,24,25,30,34,41,44,51,52,53,54,57,61,64,68
2zyjA_BS01_PGU	22,23,39,40,99,100,101,125,169,174,202,204,205,235,237,238,245,368
3a27A_BS01_SAM	51,53,56,76,77,79,82,100,101,102,126,127,128,144,151
3a2xC_BS01_ACT	47,48,49,50,126
3a68C_BS01_CA	56,91,94,143
3a68C_BS02_CA	168,173
3a68C_BS03_CA	93,96
3a68C_BS04_CA	164,167
3a6rC_BS01_FMN	27,29,30,31,32,35,47,48,49,50,51,52,53,54,106
3a6rC_BS02_FMN	82,121,122
3a9bA_BS01_BGC	61,96,328,329,332
3a9bA_BS02_CBI	158,195,198,237,295,297
3a9iA_BS01_CO	13,189,191,225
3a9iA_BS02_LYS	12,13,92,94,129,160,187,189,191
3a9wA_BS01_THR	74,112,137,177,178,179
3a9wA_BS02_NAD	8,9,10,11,32,33,34,46,47,48,69,70,71,73,87,110,111,112,137,141,164,165,167
3ag3O_BS01_HEA	35,70,73
3ag3O_BS02_CUA	162,197,199,201,205,208
3ag3O_BS03_PSC	42,46,53,57,58,61,66
3agcA_BS01_RCC	104,119,121,123,135,152,154,156,166,170,207,209,210,214,283,287,291,292,312,316
3ahdA_BS01_MG	182,215,217
3ahdA_BS02_HTL	67,97,155,156,157,181,182,183,184,215,217,218,219,300,320
3aptA_BS01_FAD	49,50,77,104,106,107,108,109,126,127,147,149,153,155,156,165,169,178,180,272
3arcV_BS01_HEM	36,37,40,41,46,48,52,53,54,58,59,62,72,75,76,81,82,88,92,93,104,115,119
3atrA_BS01_FDA	11,12,14,15,16,35,36,37,45,46,47,48,49,50,120,121,122,156,157,158,162,185,217,219,267,269,287,288,298,299,300,301
3aw5A_BS01_CU	391,460,465,470
3aw5A_BS02_CU	92,394,396
3ayiA_BS01_FAD	63,65,66,67,94,95,96,114,115,116,136,137,138,139,140,368,369,370,405,406,407,410,414,472,528,600,608,609,643,644,651,652,653,656
3ayiA_BS02_HCI	139,315,528,530,609,651,652
3b0gA_BS01_SRM	96,98,107,109,141,142,143,145,147,149,223,224,226,264,265,266,309,402,440,441,446,448,483,484,485,487
3b0gA_BS02_SF4	440,441,446,448,449,479,480,481,483,484,485
3b0xA_BS01_ZN	349,374,531
3b0xA_BS02_ZN	413,440,468
3b0xA_BS03_CA	198,200
3b0xA_BS04_CA	198,200,243
3b0xA_BS05_CA	175,176,177,180
3b0xA_BS06_CA	56,58,60,61
3b0xA_BS07_DGT	157,187,188,191,196,197,198,200,258,259,260,261,270
3b1eB_BS01_P1T	34,35,93,94,95,96,119,167,171,199,201,202,234,365
3b35A_BS01_ZN	117,152,256
3b35A_BS02_ZN	97,117,151,179
3b7nA_BS01_B7N	60,61,71,109,126,128,131,136,145,149,153,188,189,192,195,196,199,203,204,207,208,209,210,211,214,223,234,235,237,238,241
3bemB_BS01_FMN	39,40,41,43,134,137
3bemB_BS02_FMN	11,12,13,68,70,154,155,156,157,158,193,196
3bf3F_BS01_PAZ	160,162,163,179
3bf3F_BS02_PAZ	9,62,101,102,103,105,106,128,129,131
3bgdB_BS01_SAH	21,24,28,35,64,65,85,86,128,129,130,147,148
3bgdB_BS02_PM6	35,147,148,151,191,221,225
3bgdB_BS03_PM6	47,50,51,174,176,212,236
3bleA_BS01_ZN	207,209
3bleA_BS02_MLI	16,144,177,179,207,209
3bpzB_BS01_CMP	564,580,581,582,583,584,591,592,593,632,636
3c2uA_BS01_B3P	14,31,73,74,126,127,184,186,205,206,290,507,508
3c61D_BS01_FMN	19,20,21,22,44,45,59,68,70,128,165,194,195,196,223,226,249,250,251,272,273
3c62B_BS01_ZN	73,77
3c62B_BS02_CA	2,4
3c62B_BS03_HEM	3,4,7,10,11,14,33,45,46,61,65,68,94,98,101,102,105,106
3c67B_BS01_CA	431,433,435,437,439,549
3c67B_BS02_GLC	321,368,391,496,501
3c67B_BS03_GLC	304,338,341,342,345
3c67B_BS04_GLC	349,350,351,352,353,356,378
3c67B_BS05_GLC	274,702,706,758
3c6aA_BS01_MG	398,399,400,407,531
3c7fA_BS01_XYP	101,124,160,162,224,225,244,287,288
3c7fA_BS02_CA	359,361,383,384,480
3chtA_BS01_FEO	101,136,139,196,223,227,230
3chtA_BS02_4NB	93,97,100,101,136,196,200,203,223,227
3ciwA_BS01_CL	269,270,306
3ciwA_BS02_CL	54,103,134,155
3ciwA_BS03_CL	159,226,266,268,291
3ciwA_BS04_UUU	63,65,67,69,70,73,107,108,109,110,136,159,161,180,199,229,231,303,305,306
3ckkA_BS01_SAM	32,33,34,55,56,57,87,88,89,90,108,109,111,175,177
3cl7B_BS01_HYN	36,53,54,126,130,165,166,218,259
3cltC_BS01_AMP	6,7,8,36,39,62,63,64,100,104,118,119,121,122,127,128,129,130
3cltC_BS02_FAD	38,120,121,183,184
3cp5A_BS01_HEC	44,45,48,49,56,57,58,60,66,67,71,75,76,83,89,92,93,98,99,100,103,105,113
3d8bA_BS01_ADP	402,404,444,445,446,447,448,449,566,595,596,599
3d8bA_BS02_ADP	395,396
3da8A_BS01_MG	116,117
3da8A_BS02_IOD	19,23,25,26,97
3dfkA_BS01_ZN	16,19,164
3dfkA_BS02_DKA	16,18,19,63,75,97,98,99,110,161,232
3djeB_BS01_FAD	12,13,15,16,17,36,37,38,43,45,46,47,48,53,54,185,187,217,218,220,224,335,337,362,364,365,366,367,368
3djeB_BS02_FSA	60,236,258,264,280,343,364,368,411
3dntB_BS01_ATP	98,151,152,153,154,155,157,179,181,204,219,220,221,222,223,238,297,299,300,317,318
3dntB_BS02_MG	300,318
3dr9B_BS01_HEM	24,31,34,35,55,58,59,62,63,83,86,88,89,92,96,97,127
3dszB_BS01_UUU	33,36,52,54,66,68,70,77,79,81,83,106,123,136
3e84C_BS01_MG	10,12,103
3e84C_BS02_WO4	10,11,12,54,55,56,80,106
3eeoA_BS01_NUC	44,86,90,209,234,236,237,239,255,256,257,258,260,296,297
3eeoA_BS02_UUU	85,86,87,88,89,97,162,165,228,237,240,242,249,250,252,253,254,255,256
3eeoA_BS03_SAM	18,21,23,39,40,41,42,61,78,80,100,285,304,305,306
3eiaA_BS01_PL6	37,39,63,64,127,128,129,152,205,209,237,240,267,269,270,278,404
3eiaA_BS02_PL6	94,309
3enjA_BS01_CYS	118,119,184,200,201
3enjA_BS02_CL	242,274,401
3eo8E_BS01_FMN	10,11,12,14,92,95,160,161,162,163,164,204,205,207
3eo8E_BS02_FMN	37,38,39,41,136,139,140
3ewdA_BS01_ZN	42,44,225,309
3ewdA_BS02_MCF	44,46,47,85,88,132,200,225,228,252,309,310
3fcrA_BS01_PLP	118,119,120,152,153,154,226,259,261,262,288
3fg0C_BS01_NAD	153,154,155,156,157,180,182,183,213,217,218,231,233,234,237,240,241,255,257,289,336,339,390,392
3fv3F_BS01_UUU	30,32,34,35,78,79,80,125,218,220,222,223,224,227,285,301,303
3fvbA_BS01_HEM	19,23,26,45,52,53,71
3fvbA_BS02_FE	18,51,54,127
3g15A_BS01_ADP	117,124,144,146,171,184,185,186,190,287,288,306,307,309
3g15A_BS02_MG	288,307
3g15A_BS03_HC6	283,285,310,331,338,397,400,410,411,412,417
3g15A_BS04_MG	307,309
3g5kB_BS01_BB2	50,51,52,57,85,111,112,113,114,115,121,149,152,156,157,160
3g5kB_BS02_CO	57,114,156,160
3g5sA_BS01_FAD	9,11,12,13,32,33,34,39,42,51,52,53,120,121,122,133,134,135,136,139,208,324,325,330,331,332,335
3g5sA_BS02_GSH	156,158,160,162,212,263,265,267,301,378,380
3gasC_BS01_UUU	23,24,166,219,221,223,224,225,227,237,239,242,243,244,245
3gasC_BS02_UUU	130,131,133,134,136,201,202,205,208
3gb5A_BS01_FMN	96,97,98,100,197,198,199,200,238,240
3gq4A_BS01_NUC	30,32,93,111,112,113,114
3gq4A_BS02_NUC	2,3,6,60,74,76,77,78,112,114,173,174,175,220,221,222,223,224,225,242,258,264
3gq4A_BS03_ZN	249,252,269,272
3gteB_BS01_FES	49,51,52,54,68,70,71,73
3gteB_BS02_FE	154,160,165,294
3gueA_BS01_UPG	81,83,84,130,161,187,189,190,218,219,255,256,271,292,293,295,363,367
3gwnB_BS01_FAD	37,40,41,42,44,45,49,78,83,87,114,117,118,120,121,124,128,130,135
3hcpA_BS01_FES	196,272,402,403,406,411
3hcpA_BS02_UUU	76,88,92,93,98,99,115,119,123,197,198,263,264,265,266,276,303,310,337,342,343
3hzlA_BS01_FAD	10,11,13,14,15,33,34,35,40,43,44,45,50,51,174,175,176,203,204,205,207,228,260,321,322,351,354,355,356,357,358
3hzlA_BS02_6PC	53,101,242,258,260,355
3i5tA_BS01_PLP	120,121,153,154,155,225,258,260,261,288
3i5tA_BS02_PLP	324,325
3i5xA_BS01_NUC	188,189,190,220,221,223,224,225,242,244,245,248,252,271,277,381,382,383,384,407,408,415,433,434,435,528,532,535,536,539,572,573,576
3i5xA_BS02_ANP	126,128,130,133,154,155,156,157,158,159,160,268,439,441,466,469,470
3i95A_BS01_BLA	76,86,88,90,103,104,105,107,114,115,117,149,151,158,164,216,221,222,225,243,244
3iikA_BS01_SO4	12,13,14,15,16,17,109
3iikA_BS02_SO4	35,39,79
3iikA_BS03_SO4	129,141,142,143
3iikA_BS04_SO4	105,147,148,149
3jw9A_BS01_ECX	113,210,338,339,340,374
3jzeA_BS01_ZN	17,19,103,251
3jzeA_BS02_ZN	103,140,178
3k9wA_BS01_4PS	7,8,9,10,17,36,41,69,71,72,73,87,97,105
3k9wA_BS02_ADE	16,90,119,123,126
3k9wA_BS03_SO4	90,93,94,97,98
3kgyA_BS01_NDP	8,9,16,17,21,38,41,42,83,84,85,86,107,108,109,130,149,151,152,153,154,157,180
3krbB_BS01_NAP	10,11,12,35,40,104,155,156,177,203,204,205,206,207,208,209,215,235,254,255,256,257,258,259,262,266
3kvmA_BS01_FMN	95,96,97,100,120,145,147,181,212,255,283,284,285,305,306,309,333,334,335,355,356,357
3kvmA_BS02_DOR	100,145,147,148,149,212,215,217,284,285
3kvmA_BS03_951	38,43,52,55,56,59,63,68,98,111,134,136,356,360,364
3l2cA_BS01_NUC	94,95,101,102,148,149,152
3l2cA_BS02_NUC	120,124,141,142,151,152,155,162,171,172,174
3l2cA_BS03_MG	154,155,157,160
3lftA_BS01_TRP	61,63,64,67,118,119,138,139,140,163,194,242,243,244,247,284
3lopA_BS01_LEU	48,111,112,113,136,137,155,183,235,260,315
3lopA_BS02_MG	136,137,152,155,260
3lopA_BS03_MN	65,297
3m6wA_BS01_SAM	110,111,112,113,114,115,116,134,135,139,161,178,179,180,212
3m7iA_BS01_TPP	32,68,115,117,152,153,154,158,183,185,187,257
3m7iA_BS02_MG	153,183,185
3m7iA_BS03_RP5	29,187,257
3m89A_BS01_GSP	32,33,34,127,129,130,131,132,159,165,203,206,227,231
3mk0A_BS01_ZN	92,316,320,432
3mk0A_BS02_ZN	42,92,357,358
3mk0A_BS03_MG	42,155,311
3mk0A_BS04_CA	216,269,270,285
3mk0A_BS05_NPO	250,253,254,257,290,294,297
3mk0A_BS06_NPO	211,213,218,221
3mkeA_BS01_MA4	221,224,226,231,245,247,259,261,282,285
3mkeA_BS02_MA4	220,224,235,243,274,277
3mkeA_BS03_CB4	69,70,73,104,105,130,132,166,169,170,216,234,235,236,237,243
3mkeA_BS04_CZ6	79,83,88,147,150,151
3mwfA_BS01_SE8	81,104,124,125,144,145,146,201,206,208,238,262,304,305
3mzoB_BS01_CA	19,34,68,69,79,138
3mzoB_BS02_CA	68,69
3n33B_BS01_AES	84,124,125,128
3n33B_BS02_AES	137,142,143
3n33B_BS03_AES	76,77,133,246,283
3n33B_BS04_AES	120,123,124,127
3niaA_BS01_TBE	63,64,98,127,162,165,231,232
3niaA_BS02_TF7	64,99,125,211,229,230,231,232,238
3nimB_BS01_ZN	123,148,151,175
3nimB_BS02_ZN	118,151,177,189
3nimB_BS03_ZN	136,139,157,160
3nm5B_BS01_FMC	9,52,78,79,80,152,153,154,173,174,175,194,198,200,208
3ntdB_BS01_COA	446,454,459,462,463,466,533,534,535,538
3ntdB_BS02_FAD	446,447,448
3ntdB_BS03_FAD	7,8,10,11,12,33,34,42,43,79,80,81,112,113,114,133,134,161,162,271,302,303,319,320,321
3ntdB_BS04_COA	10,11,14,15,18,19,22,39,40,42,43,61,62,321,325,329
3nvdA_BS01_OAN	90,92,123,187,191,221,222,226,233,234,267,318,319,321,322,347
3nvdA_BS02_NA	226,233,269,270,318,322
3nyqA_BS01_MCA	181,184,186,227,229,233,258,280,282,283,284,288,382,384,385,386,453
3nyqA_BS02_AMP	258,259,260,280,281,282,283,284,303,360,372,382,387
3nz1A_BS01_3NY	51,53,81,83,110,178,210,211
3o6iA_BS01_GLU	61,89,90,91,96,138,141,142,143,193,220
3o6iA_BS02_UUU	92,105,106,107,108,217,218,219,239,242
3od3A_BS01_CU	443,500,505,510
3od3A_BS02_CU	101,446,448
3od3A_BS03_CU	143,448,499
3od3A_BS04_CU	103,141,501
3od3A_BS05_O	101,141,143,446,499,501
3of3B_BS01_DIH	78,104,105,106,173,192,193,194,195,217,218
3of3B_BS02_DIH	18,57
3ondB_BS01_NAD	479,483
3ondB_BS02_NAD	206,207,208,240,244,269,271,272,273,291,292,293,294,297,324,325,326,327,330,348,349,350,397,404
3ondB_BS03_ADN	62,64,66,67,139,205,206,235,239,395,398,402,404,409,413
3ondB_BS04_NA	66,402,403,404,405
3ou2A_BS01_SAH	12,15,22,26,54,56,60,75,76,77,80,97,98,99,100,114,115,116
3ozmG_BS01_MG	201,227,254
3ozmG_BS02_DXL	25,30,147,171,173,201,203,227,254,304,306,329
3p1vA_BS01_ZN	311,315,322
3p1vA_BS02_ZN	323,398,409,412
3p24A_BS01_AZI	350,370
3p24A_BS02_ZN	194,340,344,350
3pduE_BS01_NAP	8,9,10,11,12,31,32,33,64,65,66,70,73,74,96,121,123,124,171,231,232,233,236,239
3peyA_BS01_NUC	170,171,172,198,215,216,217,218,221,247,248,249,250,253,338,339,340,361,362,369,387,388,389
3peyA_BS02_UUU	112,114,119,140,141,142,143,144,145,240,393,395,426,429,430
3pgpA_BS01_ACO	25,28,29,78,81,82,83,88,89,90,91,92,93,94,116,117,121,123,126,127,128,130
3pp9A_BS01_ACO	54,95,97,98,99,100,105,106,107,108,110,111,132,133,137,139,142,143,144,146
3pvnQ_BS01_CA	138,140,147,150
3pvnQ_BS02_CA	60,61,138,139,140
3q0vB_BS01_LL4	87,102,103,106,107,110,142,145,148,149,152,176,179,207
3q44A_BS01_ZN	496,500,519
3q44A_BS02_D50	317,319,459,460,461,462,463,489,492,496,497,500,518,519,571,572,575,580,1034,1073
3qerA_BS01_UUU	86,87,360,361,362,363,391,392,393,394,396,565,568,572,574,705,706,707,799,800,801,803,844,874
3qerA_BS02_NUC	284,621,622,706,708,728,729,734,735,783,784,786,791,804
3qerA_BS03_DTP	411,412,413,414,415,416,482,560,564,623
3qerA_BS04_CA	411,412,623
3qerA_BS05_CA	411,623,624
3qerA_BS06_CA	505,507,531
3qgpA_BS01_UUU	6,21,22,25,26,27,28,53,55,66,72,75,76,79,81,95,97
3qwwA_BS01_SFG	16,17,19,135,137,181,182,203,204,206,207,240,258,260
3qwwA_BS02_ZN	52,55,74,78
3qwwA_BS03_ZN	65,68,86,90
3qwwA_BS04_ZN	209,262,264,267
3qzxA_BS01_HEM	70,73,74,85,89,92,93,96,112,116,119,120,125,126,137,141,142,145,149,182,185
3r2qA_BS01_GSH	9,11,33,34,48,49,50,62,63,64,105
3r5yD_BS01_F42	12,13,16,17,40,47,48,49,50,54,56,57,58,59,70,72,73,80,81,82,85,127
3rhlC_BS01_NAP	570,571,572,573,574,579,597,599,600,629,630,634,635,648,649,650,651,654,657,658,673,674,675,707,804,806,872
3rjuA_BS01_CIT	59,117,156,273,300,301,302
3rmeA_BS01_RME	31,58,98,99,138,140,183,210,212,213,267,300,360
3rp8A_BS01_FAD	6,7,9,10,11,30,31,32,38,39,99,119,120,121,149,150,151,155,280,281,288,291,293,294,295
3rqtA_BS01_HIS	25,131,231,352,366,368,369
3rqtA_BS02_HIS	14,319,322,351,352,366,367
3rufA_BS01_NAD	23,25,26,27,28,47,48,50,51,52,77,78,79,98,99,100,117,140,141,166,170,193,196
3rufA_BS02_UDP	195,209,210,213,214,225,226,227,232,234,271,294,297
3rwlA_BS01_HEM	67,94,95,102,106,112,156,160,244,245,248,249,252,256,294,295,300,323,351,352,353,354,356,357,359,360,361,365
3s2zA_BS01_DHC	33,34,106,107,132,135,138,144,145,169,225
3s3tC_BS01_ATP	11,12,13,18,39,41,95,115,117,118,119,120,121,128,129,130,131
3sgzA_BS01_FMN	23,24,75,76,77,78,105,127,155,208,230,232,233,235,263,264,265,267,286,287,288,290
3sgzA_BS02_HO6	23,79,107,129,161,164,183,184,232,235
3sj0X_BS01_HEM	1,2,3,4,15,17,20,21,24,27,30,31
3sj0X_BS02_HEM	13,15,16,19,20,23,24,50,51,54,55,60,62
3sj0X_BS03_HEM	6,8,9,10,13,41,42,43,46,47,51,52,55,62,63,64,65,68,69
3sj0X_BS04_DXC	4,29,33,37,38,41,49,50
3sm8A_BS01_FNK	1009,1010,1012,1013,1014,1031,1032,1033,1034,1040,1041,1042,1044,1045,1046,1047,1048,1050,1053,1170,1171,1198,1199,1200,1202,1206,1222,1240,1249,1303,1305,1330,1331,1332,1333,1334,1335,1336
3sprA_BS01_III	49,56,60,122,129,130,171,174,175,178,182,222,225,226,229
3sprA_BS02_FC7	42,45,46,119,122,123,167,168,218,219
3sprA_BS03_MG	35,110
3t6eM_BS01_BCB	195,208
3t6eM_BS02_BCB	195,201,204,205,208,209
3t6eM_BS03_BPB	208,211,212,250,254
3t6eM_BS04_UQ9	85,88,89
3t6eM_BS05_MQ9	213,217,220,246,247,250,254,256,257,258,259,260,263,266,270
3t6eM_BS06_BCB	120,154,155,158,177,178,180,181,183,184
3t6eM_BS07_BCB	66,69,120,124,148,151,154,155,183,184,185,188,194,195,200,203,204,207,208,275,278,282
3t6eM_BS08_BPB	49,58,59,66,123,124,127,131,144,147,148,271,275
3t6eM_BS09_FE2	217,232,264
3t6eM_BS10_NS5	88,117,120,121,159,160,169,173,175,176,177,180
3thcA_BS01_NAG	402,497,498,505
3thcA_BS02_GAL	83,126,127,128,129,187,188,268,270,273,274,306,333
3tmkF_BS01_T5A	14,15,16,17,18,19,20,37,38,39,41,53,69,73,94,99,102,143,149,151,187,188,189
3u52A_BS01_FE	108,138,141,233
3u52A_BS02_FE	134,138,199,233,236
3u52A_BS03_ZN	399,402,432,436
3u52A_BS04_CU	155,494
3u52A_BS05_GOL	107,108,111,138,194,198,199
3u52A_BS06_GOL	36,117,182,183,185,190
3u52A_BS07_GOL	323,410,411,420,433,434
3u52A_BS08_GOL	271,323,327,408,409,418,432,433
3u52A_BS09_XE	100,108,207,211
3u52A_BS10_XE	198,202,269,272,273
3u52A_BS11_XE	170,171,174,275,339,404,405
3u52A_BS12_XE	170,342,395,396
3u52A_BS13_XE	345,395,457,475
3u52A_BS14_XE	342,344,392,393,394,395,467
3u52A_BS15_XE	100,145,148,149,222,225
3u52A_BS16_XE	196,197,201,266,307
3u52A_BS17_XE	47,50,122,188,191,246
3ucjA_BS01_ZN	47,103,106
3ucjA_BS02_AZM	47,49,71,103,106,107,108,111,115,123
3ucjA_BS03_AZM	38,66,88
3uylA_BS01_TYD	12,188,210,211,213,214,241,242,243,262,263,264,265,280,281,282,283
3v4eB_BS01_COA	138,140,141,158,159,172,174,182
3v4eB_BS02_COA	90,110,112,114,146,164,165,176
3vkjC_BS01_FNR	65,66,67,95,96,125,155,193,218,222,223,225,274,275,277,295,296,297,300
3vl9A_BS01_UUU	13,24,26,28,67,69,105,119,121,133,157,201,205
3zt9A_BS01_MN	38,39,40,41
3zt9A_BS02_MN	38,150,185
3zt9A_BS03_MN	141,193
3zu3A_BS01_NAI	48,50,51,52,53,73,74,75,110,111,112,113,138,139,140,141,223,224,225,244,271,272,273,274,276,278,279
3zvmA_BS01_NUC	172,184,217,218,219,220,223,258,305
3zvmA_BS02_ADP	374,375,376,377,378,379,459,462,463,502,503,504,505
3zvmA_BS03_MG	170,172,288
3zvmA_BS04_MG	378,396
3zx1A_BS01_CU	439,495,500,505
3zx1A_BS02_CU	141,180,496
3zx1A_BS03_CU	182,444,494
3zx1A_BS04_CU	139,442,444
3zx1A_BS05_OXY	139,141,180,182,442,444,494,496
3zx4B_BS01_MG	6,8,202
3zx4B_BS02_2M8	8,41,45,110,135,140,165,166,167,168,170
4a91A_BS01_GLU	9,11,13,45,172,190,194
4a91A_BS02_ZN	101,103,115,119
4d9bB_BS01_PMP	50,51,79,192,194,195,196,197,198,287,315,316,317
4dmgB_BS01_SAM	198,205,222,223,224,228,243,244,245,268,269,270,287,289
4dzhA_BS01_MG	288,320,322
4dzhA_BS02_ZN	78,80,227,315
4dzhA_BS03_ZN	184,220
4ej5A_BS01_ZN	223,227,262
4ej5A_BS02_CO3	194,363,370
4euuA_BS01_BX7	15,16,17,18,21,23,36,38,68,86,87,88,89,92,139,142,156,157
4euuA_BS02_BX7	12,14,17,22
4f6tB_BS01_ATP	42,44,45,46,47,77,78,79,169,189,190,191,193,195,197,198,199,200,224,225
4f6tB_BS02_UUU	108,127,128,129,130,146,147,149,150,151,153,176,180
4f6tB_BS03_MG	147,149
4f8yA_BS01_FAD	9,14,15,16,18,82,83,84,85,86,127,128,129,130,141,166,167,174
4f8yA_BS02_VK3	55,106,108,113
4f8yA_BS03_FAD	47,55
4f8yA_BS04_VK3	85,129
4g3fA_BS01_0WB	399,401,402,407,420,421,422,433,460,462,464,465,512,513,515,526,527
5tmpA_BS01_Z5A	12,13,14,15,16,17,40,51,74,78,99,100,104,105,108,109,149,153,157,159,160,167
