3	20.926221097822754	9.966792701625266	18.911009199632016
5	3.624105345665465	20.595725819093897	21.51197899357266
6	19.569858618885693	41.02377805388438	22.72605976981428
8	23.278622132015535	31.324813978115074	19.45186321920226
4	-2.7323499875508346	40.04813461698066	16.181076769856418
2	1.3617584389368627	22.663206010990244	6.508642817090951
11	24.268230092294484	24.251071796522854	12.479133934320668
12	19.942386230907456	45.67721698113207	7.557628032345011
13	9.06375067254923	20.71828386957925	-1.419617238781879
1	13.850188242541583	19.094068159816953	13.89427910763003
14	8.19617223133499	49.601193978517394	11.37413815545796
7	16.382241094475997	24.6876222681122	18.589773532954744
10	13.962791946308723	5.737765588773641	6.63626943258084
9	11.322697968149368	4.571981695039357	25.108058301299657
