3	19.35892041958042	46.653882657342656	12.718061678321675
17	15.65155517682147	30.814929839511432	43.50318150830847
5	3.8226312790808086	39.5915395499003	28.51314234165796
6	20.086696297453525	37.281333697859715	6.563715513201062
8	11.92238548895899	20.930526182965302	30.817139589905363
16	9.978566857980221	25.22937843448529	42.83398436927587
15	-4.506992116955712	32.74369571449047	17.877233338110937
4	2.9675340384147826	45.007886092876234	16.486372842207633
2	18.769714007962232	37.193915933709846	34.03811785945746
11	10.058033131570566	53.829163427843255	26.629113889773816
12	20.80526548318206	30.912300854244528	11.950672851041107
13	28.29385550637856	28.273831293933874	22.691966024472794
1	20.995920581544855	45.4643508060528	24.967468870537033
14	-3.425704798172124	32.920373038842335	39.78120289413557
7	12.509333873144403	43.907631443994596	33.21402726045884
10	1.4628213873438976	23.036429425962854	33.30758180291741
9	19.41621618625277	22.37771868070953	20.188052475979305
