3	49.04088192202632	44.35483126396821	-6.776767817233672
5	61.05781893866795	50.02453264254912	3.6720595352180156
6	44.6734752681764	19.745650476758048	-1.4978542908224075
8	71.94215200796548	41.7576330069698	-16.44475224029207
4	59.15493790028883	38.290515320858965	5.55810134371468
2	42.01312897959184	44.3603069387755	1.2863962244897957
11	67.33614865442118	29.623789904599175	-1.5799609141392568
1	47.344094048283026	32.17007776272807	-6.684292470719465
7	54.83408919112382	39.056811023622046	-27.3366246241947
10	52.50328373959572	29.82205365636147	-22.59596224732461
9	55.60745527470863	48.07945043136068	-23.33619948539428
