3	37.687729873908815	39.29845965082444	22.257380892337533
26	48.86549232067511	36.26502497890295	-10.629512573839664
20	36.74820376474034	15.564886545081661	-9.970207207207203
17	34.84782845940206	42.370467734030385	13.194371344551541
25	38.48307336498698	30.443139531321787	-12.348647112880995
5	45.316448628294786	48.662488972565896	10.981117267348036
23	35.20652340686274	27.519798651960784	14.905792524509804
6	28.02307330809712	31.828448712030287	38.09074637614256
29	34.28358470406298	36.73505187684521	-11.582483199775059
8	17.812603640219123	41.7409475172292	21.37856034635095
16	26.439323974082072	25.53183495320374	0.8740439164866809
15	16.818834255672392	14.506522412838962	21.49543698118429
22	42.828053075666844	13.183055253130105	25.68530484485575
28	55.26434415768575	44.679930232558135	1.4124156267725463
4	37.584123153991285	22.228734239802222	8.163768460087176
2	44.68618764082651	33.896306006999374	24.870484059638528
11	8.692821380647086	10.28718920530789	18.49066035485314
12	31.25690956281001	13.668345945322415	42.50004037374553
13	21.796131064690027	29.120986859838276	6.712368598382749
1	11.532764717581541	26.766210182975346	25.67449809069212
14	24.425948747339113	31.66878418208613	-5.427482560995579
19	26.671445882352938	20.572484019607845	12.611423235294117
7	34.159248180630705	45.59299374883375	0.09815226721403257
24	37.06888838899464	18.128402145699948	36.03280948260945
10	48.323633377056986	10.8929600524684	16.742697948962554
18	25.301382643973877	35.21194993073422	4.135715218681972
27	9.595541998353006	22.109644660993684	27.470638896513858
21	50.35387664041994	47.095599525865715	4.333905681144695
9	35.79142133643477	46.45936931698033	10.547180376400929
