3	-0.8965471588712793	8.346052473908003	50.675406551990726
5	5.964165786813434	-11.228628327530052	34.46701347860272
6	-7.865568043615014	5.124056720486474	51.66671566366114
8	-0.7758094847390876	3.3472413849688225	34.66051854282902
4	11.204398384606247	4.6487405867680245	55.50177075662192
2	8.896691281451139	-5.411643417203041	39.23786986541836
1	8.741390459798378	-7.8870334398819795	45.282756700270475
7	1.7116514369933675	-7.183856914762956	27.705041513141726
10	0.8946016430412372	-3.8927889819587627	59.77069635953608
9	-5.829327394209354	6.330796054724786	24.52853372573974
