3	48.80014475544795	36.21215777239709	48.47778066828086
5	70.02146616928222	40.912379641540184	60.71365620444217
6	68.36538739520091	20.89827869326395	42.353553339115344
8	44.06137912518178	46.23141156728941	33.57143103255398
15	45.57497227011495	37.77820847701149	23.25901221264367
4	52.94821908796967	48.42007849258558	27.480462258891748
2	46.573448066574905	24.008320673257412	31.516469340508085
11	63.781003552526634	40.47036482273618	57.168349235119265
12	54.185551771117176	52.976534776997006	51.2049783450452
13	44.19052530933634	49.31075478065242	42.67426797611837
1	36.78033830280443	41.664802872596695	40.01335875642017
14	75.71441943198803	44.22517907324365	44.15920852017936
7	52.349675803981626	24.900619142419604	21.782197856049006
10	62.32367020762918	54.887199130854675	45.50505514244327
9	67.1051871467639	27.283184138559715	27.36707921604376
