3	13.542197549312611	-18.87914156206416	53.7796390715282
26	36.195944486234396	12.886179629908225	71.88843237550772
20	-11.824352059033567	9.37376279457272	41.57648750297548
17	-8.3643897996357	-8.906203096539164	71.84739966605953
25	21.09384705119896	1.8005355059716692	47.27836070734191
5	13.060188579485372	1.2200167430384208	62.07971624955938
23	-0.28783422535211267	-7.826291408450703	39.81675619718309
6	11.333905197934596	21.770747607573146	63.36213507745265
29	12.834450795228628	0.9009163353214051	72.53027733598408
8	21.6400160430184	11.144557817082921	52.276746555861706
16	1.071182642487047	-18.723415947035118	63.81384211283822
15	-16.888200922967695	11.849414802981894	62.35788729144478
22	-19.06408797445903	-12.22523164242639	52.92807502660519
28	15.16088352816153	-9.379762167906483	52.89656652497343
4	-4.665378757312892	-13.982730381279003	54.94985777688119
2	12.349960230817219	-8.471086244541482	68.20942077354958
11	13.577750895302295	-22.49395028439014	66.78896481988625
12	-19.15406630211893	-14.998567327409429	66.99659614946455
13	-2.537578825347759	22.487156568778982	63.28386816074189
1	4.684531852772168	-1.95472859139618	52.12821469172233
14	-12.0542968707483	-10.495541496598639	47.14908775510204
19	-11.90999757312556	3.754737897560354	67.05988548984546
7	13.190335418155826	17.258030736240173	77.56193263045031
24	32.999108952324015	-4.286713047377074	59.9141996712001
10	4.284867645516518	6.034705820660723	41.863644048243316
18	16.140672489823608	-4.77923592265943	67.83393215739484
27	37.7317119134674	10.363710694698353	64.19700670322975
21	29.03063722664858	-2.870771995253433	69.55008713341245
9	7.261142250530786	10.07964118895966	68.98856475583865
