3	39.89570242172212	46.12766939823876	9.806289138943248
26	51.78723471139877	47.146362666754726	16.568894432703736
20	52.1556924676734	58.437213310425896	4.593391626729361
17	43.28600142875699	84.09221210546825	14.207621379399924
25	48.715607875546915	30.69444968400584	1.4725541079241615
5	35.78539475768134	74.00050498891352	14.42120858409883
23	34.90662548730832	47.048260764099446	-5.201210257298795
6	24.657257101430172	74.03660548342451	5.001378237659
8	38.748785231570466	73.96628985057971	-0.361006138012276
16	31.682772878433305	39.13735965020322	20.256431703411753
15	44.40184086538462	25.671427403846153	4.353784615384615
22	57.201234753146196	43.35637625040337	5.741897547596
4	32.67462877269343	66.22503281598989	8.23119145524311
2	42.97835834233525	53.4818202887165	1.6238292251792203
11	25.72687010198604	68.07080555555554	-2.7524889962426182
12	33.21496791343506	40.97429584688516	5.66474330748061
13	43.258726643598614	41.421016026224734	-2.9305215807685303
1	37.62953885360895	59.777996970074305	17.334265994272204
14	17.23784221046443	68.85609088771311	9.059455614344504
19	54.6029971065745	70.78089471146119	6.129190162353319
7	43.13587173110257	69.64579146883715	-9.366358730876478
24	45.59467153912295	44.69905778159931	-6.89012811693895
10	41.162130581772075	73.00678813917452	25.968185659952102
18	31.08684314819983	53.270584286910406	0.4476888082612336
27	25.405919367909245	90.85845107374391	12.664080834683954
21	28.009192873488075	86.29737283425958	16.707430532853873
9	56.732134907984346	58.28964758730618	36.96060107230836
