31	135.98908631550736	-31.5909545637314	86.97976196220345
3	106.92970200945626	-32.12963420015761	33.94926461780931
26	97.2799642619312	-17.88703518312986	40.00246725860156
38	117.09167473803456	-33.50777187765505	28.17812531860662
30	114.21814418027309	-10.714070753365796	85.25866848085555
20	110.56205209549073	-30.717352997347486	96.6683623342175
17	131.00401901036307	-25.742426120376084	65.61676762061627
25	110.43149706724866	-30.12664970672487	49.374937389169276
5	131.73782782401906	-38.270486682520804	54.99987859690845
23	129.6288121461258	-34.29461638098192	31.74157248119134
6	147.87751799555167	-23.277168025881238	60.74177417941631
29	118.4601158113731	-30.79081258668516	57.734207177531204
8	122.16493434175533	-34.20516339760638	54.15438946143617
16	137.40800605804455	-2.4814342068188227	74.51440504367427
15	147.17311383658665	-14.94787899464502	69.2091129728796
43	127.62097652203937	-10.215875704914259	68.35826539302568
22	112.98975270783515	-43.09048530032354	42.66506315937544
28	107.92087698150593	-39.0326964993395	85.02542817040951
4	121.63827175317267	-44.60881632342882	78.32443696329508
2	135.03886317709797	-21.12809678173824	44.89104598185051
11	106.6623542343243	-15.304885585810641	85.01482105087848
40	109.39942390529168	-35.92763186421338	74.7871484809585
12	116.86543585283574	-13.152035526038375	77.28733581066838
13	139.01248370450844	-36.97238837588268	56.312575774035864
1	123.48590030182066	-24.925012170187898	33.83732445720961
32	126.67684228890438	-17.154723133286808	88.10539009071876
42	127.15426932278694	-18.29169830574679	68.74993467115866
14	133.67669330932264	-25.18555977282172	25.986050283972848
35	116.33021335616436	-7.570307191780823	54.1965955479452
19	124.04636172709138	-42.18642168250615	88.23893934060774
7	140.42143346077947	-33.54182184262458	42.36497576467686
44	121.79411509808787	-23.577180158927238	63.67876918301464
41	129.503482420278	-12.43751206050695	75.69790985282094
24	144.18040478555304	-30.866489480812643	68.02902194130927
10	134.1999685447195	-21.49698336702038	55.633842807815384
18	115.87489870672965	-20.06323913885231	53.862498567335244
39	121.2205403772352	-37.0116694700743	73.10821197027845
34	132.27098551469555	-33.06066585673567	74.04172104107286
27	117.27833127765113	-36.245063547392405	91.65715591902398
36	128.27631603820026	-19.61283951954317	49.34490696071675
33	126.59575610672677	-28.383697607415762	94.18772817236626
21	118.25470252648738	-38.06774180929096	47.66544221678891
37	133.50252398050787	-17.74939612721211	81.7926105411644
9	125.08206966395579	-35.17010787172011	79.99889289550406
