31	-11.574620193068524	19.36998053489476	45.16669251463839
3	21.737239152981847	9.545456525496977	41.114706741573045
26	27.63998671802365	-8.140535662106522	23.877808473900924
30	22.78080255509988	1.8225673147847636	37.41069217832593
20	-1.3863426552840743	2.2954846433127276	21.827348346580315
17	-10.410276153732006	-3.1156693871494285	37.89608487906217
25	21.433727863422092	-5.064280163078099	33.11748477513059
5	9.625112220717675	-12.424940589031824	19.66264979688558
23	14.985600265017672	8.035424249116607	22.766363736749117
6	18.55628928928929	6.985082916249582	30.108522856189516
29	-7.581717112535926	-2.2613562900729605	54.63731837276144
8	17.162610301592675	26.357666723144693	30.75130853947814
16	-6.697899460188934	14.064575910931174	26.601453441295547
15	10.627121261246655	1.5927938720920805	8.447010942692714
22	10.898313615152352	-6.539623112819106	34.84867883612408
28	32.559514480667175	3.7505461713419246	19.04236921910538
4	27.375665217931203	-10.969348317397245	12.24424090401093
2	15.67519465101999	0.5263188919969981	30.223511905574142
11	10.147590293453723	-3.43215138261851	48.91063741534987
12	28.176081641940478	6.0486164558114135	0.46629462091562757
13	-4.410625617194307	26.782734388614582	46.203685158292195
1	8.847189876642044	10.299504184709436	45.526880572031615
32	33.98651959003632	-1.5355690192008304	29.754150622729636
14	3.7433024812275537	-10.03478109696376	22.477689193601044
35	14.493707096532797	10.935821651284607	34.473587210027446
19	16.949965956404604	8.526768797452853	8.872227773695812
7	5.183141271918346	18.121203088196804	33.796318084271135
24	34.37623860107861	8.453190717437488	9.970223892792939
10	20.17738576942685	27.7894975602651	39.95696912096717
18	8.661974992295164	3.8264783604103383	23.261089772377048
34	26.507007350484457	-4.401592883394587	31.014392081523553
27	31.684171244437614	14.69009482890901	57.7806254411539
33	29.536623012620883	1.818271430912965	46.7516207179151
21	-2.8854034488368305	-7.360859280950057	36.61181503172279
9	-8.286059112493858	22.500514164074016	32.270160471589975
