3	-22.250945858398897	11.182497454882	7.937330865340122
20	-27.248001200197667	16.355908620243337	-20.903492669380842
17	-1.5535739539046765	14.792841127769073	-10.543841463414632
5	-45.19264212179375	-0.6427735124760074	-17.489811725702317
6	-28.2537058055034	-11.326740507879483	4.322809177757818
8	-12.257319943121223	3.931454141485958	1.6538323853537145
16	-21.17182855619251	-10.29574670043994	-28.95827249700039
15	-6.630591483487312	16.191126685781033	-2.9385085483699696
4	-15.210861282238685	3.0397683139664977	-16.446983278390178
2	-17.422907609933922	-11.124303941672364	-18.196192982456136
11	-37.88709847996314	14.328079871027176	-34.06299990787655
12	-18.018682126107347	-4.8822280701754375	-8.232564877540383
13	-10.27729240999027	23.99232338631204	-1.8121373662017517
1	-23.907140906840215	-0.722877555351206	-7.170062813892622
14	-2.8928107294117646	-6.778132235294119	-3.278673129411765
19	-32.78097526713891	0.5993003161644055	-21.68112506503382
7	-36.12835715152251	12.80720041247119	-3.677061264102876
10	-24.548489556084792	-11.88063748877523	-8.4880934681607
18	-39.712958612211445	-0.12691517552246964	-26.011771615899466
9	-19.45588969377675	-2.263139199868291	-32.55849003951268
