3	34.51748422751109	17.792341347317464	-4.858893586123437
17	43.62521651166585	32.60181579376734	9.522762930331211
5	42.75961416729464	29.506647324792763	-3.8629155990957047
6	42.25579537220989	16.080611078649063	1.241700712866659
8	35.094599909532974	10.153584190885448	21.763057220400317
16	15.536239585133968	34.5494871218669	19.093751771823687
15	27.327392384897244	31.592528755775042	25.91509287876374
4	24.96386456542502	22.889105062082145	18.79136771728749
2	37.06027727418151	45.938362269382544	2.0256330382851653
11	35.90759409746053	20.181181880576528	29.668551818805767
12	28.074057329947873	46.977726847521055	9.53394454095951
13	15.327658011503694	36.990016105176664	10.413781265406739
1	26.029651110696285	24.44918368489826	13.253737446331897
14	13.37761162079511	21.080858477743803	5.6445975195378875
19	38.44523295454546	14.112554058441559	29.550856980519484
7	36.18112978723404	35.91176125419933	15.58496483762598
10	27.259842323146238	17.77492097893584	29.30769365639839
18	28.134652913809983	30.07626126346719	-10.096960822722819
9	43.421832610764525	21.881721053188112	13.653843184942371
