3	-14.673196274038462	-45.22530649038461	-6.044672475961537
20	11.389475670675303	-20.47663330249769	-19.763532284921368
17	21.506458198114665	-21.573801421727705	2.7522535929531755
5	18.31166250304161	-41.771735744991496	10.344895044204721
6	5.440957425544672	-28.589938536877877	6.7857199680191895
8	1.119221435070844	-38.93537183153517	6.352346093851555
16	16.69503902394443	-54.56699259733138	-0.4279646316943887
15	9.02739662731872	-48.66573921678846	-4.23020697020798
4	4.498426368693276	-45.35763228261931	-26.86036801014931
2	10.826687257654765	-15.549938227035696	-7.768830458617462
11	14.023341128433557	-46.1078304875031	-22.96050791883198
12	24.15483306188925	-33.361676302931585	-18.67162079261673
13	-2.336520391128071	-20.343608394943956	-14.006537681850705
1	26.340487628025016	-31.839636001087648	3.594514909816008
14	-19.973336946126874	-56.77428163850814	-7.144655403251514
19	25.018912731333764	-45.29030424377793	-20.696972399489468
7	-4.048294841387491	-50.33697168692557	2.434701600948711
10	24.68397127016129	-47.607774949596774	0.9510394405241936
18	2.180813779069769	-34.34692127906978	-6.249916240310078
21	10.482570354633111	-55.33185111946397	1.0709663343683609
9	-16.294104994723885	-38.35397168483997	-19.9799270137179
