3	28.53129346507194	25.198106430923904	1.2117651239382912
20	27.670414033381945	11.232449684005834	31.940108896451143
17	15.879224321853096	37.73733587320939	5.264609875038098
5	21.235031411312463	0.12200120812740255	20.710241845140033
6	21.931294916434545	29.655263057103067	5.649591399721449
8	-4.791665601882986	37.32483860121049	-0.5474963012777403
16	39.41222548794489	-0.4328262916188289	26.60052835820896
15	37.77060032760033	27.1941850941851	15.582290745290745
22	28.831725844076125	4.4477058317986495	-3.860651688152241
4	1.730507732497387	18.524307314524556	17.878398223615463
2	20.42540102013895	12.321238677337087	26.08683070970012
11	44.46646452294685	16.147128925120775	19.71973822463768
12	5.229858526177581	28.255440997866405	4.481658460528474
13	36.33158285469353	7.527288726960991	9.038267466780967
1	29.627019263169714	14.271546613501062	7.81527569358643
14	20.698312065349374	33.888271001214264	23.800714979578323
19	4.241250300408556	39.6028865657294	8.23734474885845
7	19.616304333498107	-3.029108749382106	5.344428406656783
10	29.00840695504665	-0.42826819338422395	-1.9836697201017817
18	13.649009922041108	25.352805102764	3.5423832388377043
21	2.0498530820824015	23.338282497604595	6.641988182689237
9	3.3144676227727072	10.848818194987688	9.002929306098798
