3	-20.997197383541064	-90.56038778396534	-18.390302837443652
5	-28.76841039267788	-97.59285961027456	0.4260589016829053
6	-13.497895448079657	-78.82115923818553	5.302990121700647
8	-31.030416152897658	-69.75533415536376	-14.906991265926838
4	-17.541893568889368	-68.38264871270066	-12.874937304750622
2	-35.60721697566627	-76.75188962920049	-16.74154229432213
11	-18.32462899888588	-96.64712494031514	5.267644914849593
12	-16.887939798125444	-74.84888085796683	-17.33202721701514
13	-37.759772190784155	-84.08330218270007	-19.525650929668554
1	-38.719008924960235	-89.23000296599888	-5.759814921670666
14	-36.24656666666668	-68.02324864864866	-0.5355641141141141
7	-24.7869110844425	-74.15820205105827	-21.17538053676631
10	-19.370931571556234	-96.97968185880251	-6.965110813226095
9	-11.416497483221477	-89.041038310962	-16.069459638329608
