3	-47.692462197863975	-14.603652473299606	0.380128021360315
20	-17.738484526643475	-41.65278593664165	20.509791796374298
17	-30.545352641284314	-15.561247857685212	-7.400221390606358
5	-38.73499048538334	-13.52967140099283	-3.6952011858797578
6	-16.145160287081335	-10.888661363636363	19.073826435406694
8	-33.290200063765354	-32.00310298102982	10.804769807109837
16	-24.247865761430045	-37.53296115503609	11.898394637332416
15	-43.58772365452788	-26.71179938768933	-3.651744601998066
4	-36.8493125397027	-0.91771668148901	3.6347451403887687
2	-44.4753935634664	-23.191758090614893	3.860997482919813
11	-2.0826399050393873	-12.037082766806948	34.42750739182044
12	-29.714804956713635	-26.140577151587163	23.843934136818877
13	-33.09303421394542	5.262317597805686	32.866210336364944
1	-15.851479607224274	-25.62050099947397	1.896417780115728
14	-18.670382842908293	-18.37848326327261	-3.080633660283357
19	-11.115320916594266	-41.98555234578626	15.017323848827106
7	-40.404755119825715	-15.526393464052289	23.19481815541031
10	-6.502967299752272	-15.629522213047071	31.59254764657308
18	-22.766927955984638	8.415797259420742	24.011761029793416
21	-21.91653748256625	-6.144019874476988	11.47021269177127
9	-16.562599270144982	-1.9111669789920114	38.09727162442056
