3	-61.79224523775927	-51.49628855651192	-32.10621504162551
17	-38.96105349739201	-44.766369800722224	-57.54955730908119
5	-51.42031722190851	-65.27540293619425	-38.621549971767365
6	-54.280337776258804	-54.777980177717005	-44.77960492139439
8	-44.360043916196624	-21.94744520547945	-38.48868775181306
16	-39.96667210704308	-23.896692251139534	-19.62308557565064
15	-60.72046968687542	-23.317413057961364	-37.694518154563625
4	-52.877060907324875	-59.562676836932916	-42.066868015084
2	-39.86642136229915	-27.833009957003853	-57.327153352945594
11	-57.26878604534636	-16.77080508580734	-29.34101177502191
12	-38.913765935672515	-42.40676257309942	-36.48937821637428
13	-49.27346664209364	-22.242062046934507	-45.72189396731786
1	-44.602548663922434	-44.52258871136538	-50.88439827670411
14	-32.9805005430454	-26.621495981464047	-46.34764079357034
7	-47.06948938855112	-46.8900730755994	-38.851210393483996
10	-35.568213019471074	-38.77871878329943	-62.538095417998626
18	-48.06573397939584	-36.103062510913226	-16.004832984110354
9	-61.88683191628516	-43.3897035644212	-39.46154300196206
