3	61.43955866911666	2.0848334427090167	26.688870521065752
5	51.63896777536006	2.0180120194798463	1.860854315614962
6	75.77803623611922	-11.979559906487433	4.826022574517826
8	56.25484632723415	0.23682179793158314	-3.119829753381066
4	53.468461652354165	19.509321093672884	-2.962526502813148
2	43.173354533905034	1.172191043353978	6.645457995871049
11	63.29091617493926	20.02361003123916	2.9548261020478996
12	57.613712679269895	-2.9535314537157755	2.996855117340287
13	83.21430792786663	4.8469476012249055	4.227396563456958
1	56.69402329721758	-10.776911440052904	13.843254794241819
14	58.742184433962265	-15.143784905660377	21.67742735849056
7	58.77509592979271	-7.2873017097896815	6.901466636404904
10	46.89425038928683	8.383276082217376	23.46248972282778
9	53.9116888980376	-9.518858652394675	26.781011939069582
