31	-6.930911703484858	-40.02857704962064	63.7653061169677
3	-26.70919564776917	-29.478634599019323	39.308650484256596
26	-7.434737468274111	-22.355478109137053	82.14857392131978
38	-30.868689398990387	-27.067951804933802	28.408653681302972
30	-11.39093348674118	-28.88731130834977	80.30881897874208
20	18.394897221822372	-59.52351892903412	30.862086944004602
17	7.807305776748228	-32.97601737367888	35.183700304039384
25	-14.804833415719227	-37.68957604218157	44.00571131982203
5	2.761070882783287	-22.631752804422057	64.48807261014471
23	12.295148824695557	-32.28983248371567	73.25479991503825
6	-4.0634586290389905	-5.621595975619938	57.11489413041662
29	9.997350623860926	-50.177884270293	55.11956715267069
8	-21.59529122870605	-17.416040775643353	61.25943702428416
16	9.371862030228757	-16.200818627450985	35.765558312908496
15	-35.094280586080586	-15.881188919413923	33.25527628205129
22	15.656974804031353	-25.2269218924972	64.57427085666295
28	3.822418123602359	-14.335531713762965	61.158682354137035
4	-14.107265131158032	-6.906109916826616	30.565543314139482
2	-18.570387585880123	-7.22516469241096	39.91988529574352
11	22.964422025289096	-49.80978028747433	44.67829449908138
40	-17.79529826284244	-10.887873150248886	65.99415854525755
12	25.75932867313916	-41.903149385113274	48.82893851132686
13	-30.06157283899188	-8.939151885023952	28.108835325973754
1	-14.29230214357447	-21.197169754475894	45.08727669079201
32	18.954301116253742	-31.55445911607223	64.68203130955622
14	-5.767195922426653	-30.89232620586773	62.808883474225105
35	13.23767596439169	-53.05717640949554	22.717496290801186
19	0.9695293169158604	-36.10907739665788	35.205631779536795
7	0.19722140625856305	-36.52705184413877	74.89404247273524
41	-17.13404556992626	-0.767747854466336	33.15603626254079
24	-5.5810327415359176	-48.71058761354251	39.75511990090834
10	18.025472127081617	-43.450886441478666	39.163689736624555
18	21.03838789961471	-65.44217463292722	21.068363428095388
39	25.315058132169746	-32.26891533535083	39.71963354212121
34	-17.046226726247472	-26.61215767634855	58.841928928609434
27	-35.583443237486684	-22.945132481363157	42.249025985090526
36	-3.3116695035460992	-9.329237812616645	35.499104180664425
33	-3.967294122062908	-39.690478342466776	38.77587065535619
21	-26.170311455360793	-0.8854160891425467	49.81855849979618
37	8.050755728259416	-9.96866930188932	39.58388195095806
9	5.90469890053366	-44.68449836044491	62.23142814891018
