3	5.364036845578533	43.73883699956006	453.17519874615044
20	9.328018996960488	22.877682465805474	434.90791175911875
17	0.7438210172026926	33.31518100224382	463.4281213911742
5	22.7142088792456	23.45791754986231	465.2724380372194
6	23.457078989446757	9.87620895426927	452.4439508794372
8	15.830937927052258	8.820640746800116	442.06886950245416
16	26.348950922603787	12.821516401845209	441.91693400820094
15	31.60935283740077	14.824395765951191	452.22364613349026
4	1.3238705961523236	19.78928790277888	465.51474974269655
2	11.675783251231525	23.28676687192118	455.61598731527096
11	11.6660618870925	41.27460548635039	435.3739512987014
12	10.3382559847261	49.911058305184326	461.567574386841
13	13.81363908045977	49.495297839080465	446.72327586206904
1	21.384033098751416	23.232331123723036	453.2868301929626
14	5.948145830258303	19.81261579335793	441.87134922509233
19	3.8564175459752783	42.75520168827254	469.70257712792693
7	29.03360905245347	26.18604170896785	451.8644384940778
10	-3.2181781533452205	24.985174199550354	460.10411365222103
18	24.662050169221587	32.027381743977706	436.2749512243679
21	-0.7862853717026379	32.58483744433025	450.9642838300787
9	25.694566682048933	28.784650361482843	445.1979757729581
