3	-60.96813492858932	-13.660359934853423	8.499861438236032
20	-37.770351026239965	-11.519991207892144	20.02829006841599
17	-35.031852487820466	-0.004745547480233245	27.244227777334075
5	-23.759638830560487	-10.509271846228394	20.75926037796802
6	-29.644087664720885	-33.026354084379044	10.269626376315149
8	-47.30340004720323	3.6096975454330913	36.37143509558652
16	-62.36890817512591	3.990707219423995	17.369930647036032
15	-29.564052276336692	-9.098823319216516	10.525855346744308
4	-28.33554766801566	-21.54761440987196	31.35657811981688
2	-21.7840339548803	-17.9695423572744	30.191708966390426
11	-33.21745910757175	-20.741378207559094	2.4478148148148153
12	-49.023409208150625	-13.963182873355688	-0.10559014702089245
13	-29.94470082322357	-3.9963039428076255	14.534214399191214
1	-39.60352621722845	-10.889147777234975	4.5273627259404
14	-15.030917393248377	-24.341230717639156	12.873618488710033
19	-48.56218791405551	-13.258496418979409	36.590010116383176
7	-49.57241043001861	-27.083173351250764	16.852121511267306
10	-46.36537448363521	-23.625773752780425	-0.5407975850015887
18	-53.076372758964126	8.130162288346614	35.63755061005975
21	-48.623441618289554	-19.503774373092345	33.445287210485375
9	-16.18563434343434	-26.211154208754206	20.53695993265993
