3	-3.8648333744145913	-0.7535476953413849	9.422620039438009
5	-4.350125215591584	-15.636942278946764	4.723254570541565
6	17.70492332886705	-19.864192794402264	8.534984814649397
8	4.611886428679017	-5.46016915198072	30.910783099864442
4	-20.937748566700154	-18.350456291743008	29.709613334121396
2	-13.625746781660222	-1.6609693702834674	19.121104762508722
11	-13.230029983690882	-10.444681595784719	32.71306272738678
12	-3.3876168078175897	-18.744798045602604	-0.4293216938110747
13	-21.391826660386243	-6.4974763306641545	14.420639660857278
1	4.50441624344692	-4.289543127457406	-1.552374631389253
7	10.708040145582883	0.32082695489136426	17.475136759677955
10	10.136591293771854	-21.170281102721336	22.65015907363301
9	-18.427874556357853	-25.043377309998775	19.38433924856199
