31	14.341634266211603	-11.402972696245731	106.42759999999998
3	38.84729134551861	-30.68675798282317	127.72168233869195
26	36.73261037947518	0.3134663935225832	158.40886381816406
30	43.241706805417905	15.823870168483646	151.63186851668323
20	38.45457589726705	0.6110138294369444	109.3252565031281
17	29.339772211291056	-18.00800227031936	149.30118525805963
25	53.699514814814826	16.665140123456787	147.69426805555557
5	37.096902807099845	-22.73270529361171	114.40211955586832
23	20.131672607317284	8.451352240596353	147.04892974038216
6	25.612352611940313	6.059208821961622	152.87202065565032
29	48.26148206677512	13.74855689828802	150.11144604539464
8	19.424721242877492	-7.2471471688034175	110.42832086894587
16	51.3812607475699	3.521334101613388	150.79117316364363
15	29.528121482498282	5.670331640356896	160.05796568291007
22	38.742924313043474	9.901449530434782	116.58694086956521
28	22.89921930788964	14.431282760064922	138.3173188838281
4	9.046528606528607	-7.6560616005616	146.48944138294138
2	9.835936507936509	-20.422638300051204	118.45042283666157
11	7.727473584007617	-1.9544507377439317	110.39670395049974
12	32.45297315813118	12.926556828391734	152.1663390610961
13	23.499851463373368	-28.885491287430213	124.42381931991203
1	22.67860453094116	-24.171957275353506	138.28088672647104
32	57.578984538179846	-0.8376263393462635	138.7283258510783
14	29.50364884616572	1.8992420809230666	128.99485630432758
35	35.29958020498514	6.425374492085633	112.25572369458429
19	5.327585859154932	-5.851261126760566	131.77967549295778
7	49.68414224572005	-18.348433534743208	143.43913368580064
24	-2.0392556339631236	-13.66894218074209	117.74685044388798
10	45.90380063514466	8.865886556104446	157.64075882145377
18	54.37862444249608	10.286683433080471	128.41772433576028
34	33.716859023678445	-4.93248398222458	152.08159043576308
27	54.25013776361706	9.014724472765895	111.66941040813231
33	22.15841951528592	-18.930676730555998	123.18027878979888
21	46.662462164124896	-29.37548976034858	123.5572968772694
9	50.01504108625298	-2.897715632475024	110.19117152103559
