3	21.991015958838403	33.515158890729914	20.930502310979325
5	14.09199311624274	25.882422447883613	1.5784354342625593
6	32.08040674093117	32.234242930591265	9.269185804055985
8	14.063271639975676	56.56124285424692	35.18585414555037
16	26.717046873368822	48.33165528760833	5.77764088109406
15	14.140721908844762	67.30573138537906	14.91552921931408
4	15.45713906202723	69.75734662632374	26.839520726172456
2	16.273771833490226	25.43900371300073	17.338737370567934
11	32.28501254653247	43.804207913966636	14.689648145594926
12	20.159815947499364	38.62457025821395	-1.5600607360384318
13	4.86617190103833	59.574908345083976	33.251418023330345
1	12.071451188973695	45.01064252659416	20.974710439329286
14	36.27606623309944	41.78674242683553	19.053931884306007
7	28.64374809160305	53.06573553859203	9.889890076335877
10	5.6912661912104845	38.57878989976869	16.02758538936006
9	28.71449269926322	21.996259477561953	15.699579236436701
