3	26.582906639505573	67.47063387770605	7.134796153713361
17	39.25190656063618	54.935123469708074	-1.6316774615465104
5	18.353546142696093	74.30078971385618	-4.435461158533311
6	30.79127674199624	66.31427321092279	15.205104849340872
8	19.638482975050994	70.42487792248548	19.831997332496467
16	18.620704614418752	55.86819211049493	11.52033441456524
15	11.138394581351779	54.74536417351203	5.275027237354085
4	17.958303407755583	63.92990403446925	-5.990566940853899
2	23.78781841626855	53.82290254935951	-12.934739398807762
11	32.23095631584033	55.89016555523339	-20.85895960181695
12	18.146793801821396	70.74310996330028	4.073481718091614
13	13.827816061312896	64.04821670554261	19.425300455403754
1	20.940930977779654	52.6084418349707	-5.3543447737909515
14	25.413614099931554	50.64343887748118	15.031162491444219
7	17.18419684269349	65.32742190556021	-20.426463188041357
10	32.625108624750865	57.10934064142054	13.203985595216524
18	32.993756682560324	41.86621572027164	-5.464520445022394
9	26.614184082214383	67.29607928887556	-1.4252499437401545
