3	0.608388492573968	39.98260530932054	7.092088527657585
20	5.456990067670815	44.99587240777124	19.327161318489413
17	-16.247205977907733	21.551792397660815	4.849935510071476
5	2.357840097543983	9.51927155547814	14.930337920222955
23	13.267267306972684	18.369483347885744	19.26140401646501
6	28.804010585674714	32.73714938662446	8.697702117134943
8	-9.588950424649417	18.846123839620777	29.381959213904793
16	2.4202092983939134	3.939341504649196	4.169526458157227
15	5.822416547788873	22.31882064583063	-9.900375048631822
22	25.389882424059248	20.035845851594377	14.884933806861117
4	12.013052196382429	9.075821557770396	8.706722849760059
2	24.355704372140313	17.731967590238945	-6.6940512836807295
11	25.359466569616302	40.742172091088705	8.787356244150985
12	12.959084269662922	44.399150983146065	15.559574672284647
13	7.20749648425558	41.90585524304494	13.081465912564969
1	-1.8118767149573056	30.627845198119545	16.632171879497264
14	1.9395517641372642	13.933818076365393	25.848707781536973
19	1.6697824256774536	27.831489213364904	-8.848172717705866
7	-12.65606677002584	20.13180041343669	-9.054891162790698
10	16.78616828302145	13.021022674498022	-5.506270181669172
18	30.279944243070357	36.32095778251599	-3.8061035181236673
21	3.8479696253796822	11.359518731015863	-13.313040161997975
9	17.951807355936264	39.289355816461	25.621905594824483
