3	13.033645641580945	-1.8217845154304277	-14.342989442338931
5	6.6825322669608385	-0.1352633756205185	-3.2203026751241035
6	8.459715255858443	6.467745098039215	-5.852408034433287
8	0.14053932248918072	-19.870068497239217	-19.95642128040591
4	3.252015162454873	16.37713483754512	-6.054248736462094
2	-14.675112234706617	-0.3298495630461923	4.539326466916355
11	-1.6773346108100964	-6.404444561913572	1.4641285846438483
12	5.511304597042301	-7.2670204058236845	-1.9887835607015931
1	-12.852304499138327	1.058587422825305	-9.374642143657868
7	8.109251261589018	-15.918812698040137	-8.812328717286706
10	5.916029101375122	-6.0568139590662	-18.098587703869523
9	2.074446555079799	9.95573725184897	-24.084392526274815
