3	-9.784236201997587	48.81191353108316	22.85681380230756
17	-23.27494312867703	27.91173404736763	12.124007693468096
5	7.929224355517205	62.65721842303958	35.01862075288534
6	-4.619480944774074	35.86076083979918	2.946457667731629
8	-0.6976009403048867	30.448712637127795	25.511212138481266
16	15.558418706842437	44.57633866917766	48.33970072190834
15	19.46662676569099	52.91534003203727	38.00437600116499
4	-15.014306313483369	58.66432842063334	12.476277335192195
2	11.242062867866585	70.092295658108	19.248252495095112
11	-22.656320906432754	54.49680043859648	5.337466008771931
12	-16.93920928221389	48.50785903718652	1.0287992216777166
13	6.41525977288715	39.12804954275952	9.972626871671189
1	12.350159169194384	45.667188396483475	33.730747236645925
14	5.38651375441832	37.31177178423238	41.20678853542339
19	-9.596549740879992	39.00038227822375	28.263514683467125
7	-29.929932505399563	46.2298142548596	6.491389092872569
10	-8.141927871529667	68.614681273816	28.952694882961346
18	0.4625627882227741	38.13409595601277	8.962393579283436
9	7.147878312803284	27.01612181162125	22.219582928953585
