3	10.618648417530327	5.964142259608682	25.97862485476599
20	-9.412014311772129	16.274817875684015	18.45792745895888
17	22.54922845894263	32.58335005624296	11.09750899887514
5	13.349629817987147	-1.9626053533190577	1.3407052462526767
23	-12.394793410172888	22.449415309446252	10.10264006514658
6	-2.6350994195564814	7.504792826313439	27.129609763357642
8	2.5629280366835117	22.55879346808909	-11.598855231143556
16	-0.643517313746065	24.424240293809017	19.28627847283881
15	10.388904007348719	3.4612002526122416	-6.384270295097028
22	-7.49439075630252	3.3151093993152823	23.39170105820106
4	24.85467322445879	2.284093201671098	14.52225476642613
2	7.0518213774455205	27.08298043581994	-2.515427230793701
11	6.929011427784662	19.29804309513975	16.585448024232413
12	7.660100310077519	31.125467596899224	-11.361214108527133
13	26.38576126960602	18.078279856737062	20.369073113498825
1	5.727326926034139	10.928120149674509	15.386712747962479
14	27.495510993106013	9.378650922302965	6.395320663312838
19	17.787141056346908	29.492353838396575	0.04315756964578344
7	-8.237044272884829	-7.836855364739248	14.784631479439106
24	0.47471407473046834	1.1219047408063803	4.152851720573032
10	14.521232864776954	29.602674721189594	22.242566043215607
18	29.144727353351065	24.588986190295195	15.445941593817304
21	0.6982071591774561	-10.585338004569689	18.612894287890324
9	12.958522399111443	-2.0679204924102184	24.960673917067755
