3	64.73724854288093	87.41275496609967	32.54361139526584
20	91.38013164084677	62.57386008597616	27.31759153215994
17	85.84630961751942	62.9669955595923	40.305364315268946
5	65.29789351178353	71.60082950247309	13.555197846959555
23	91.69825725446427	76.9075728236607	7.169130022321428
6	74.07131172728364	60.31050954267195	19.81591801704477
8	56.00746879489225	87.77219457302473	40.42794940143656
16	73.43847564032696	101.41604915531336	12.3207378746594
15	56.14030601243953	73.45960304077401	24.695990186592955
22	72.77451679771266	66.61781786990707	12.271066047176554
4	87.0107174353381	71.10935361483327	39.81052454035524
2	67.30099500460099	66.63675522545022	40.094052648876016
11	67.22908699397071	87.73617727174852	39.244277024117146
12	85.45257515701324	97.01888415910676	30.524596231681784
13	93.64687112171836	73.52853997613366	20.85991587112171
1	68.6260738743882	86.33922339919444	20.377982165699372
14	84.65707478836953	63.73868406330513	21.470354508649244
19	82.24865313653139	88.43387746002462	6.933511685116852
7	75.24585531263058	91.51725428213342	30.747701712853367
10	76.85035785953178	63.34257244147157	29.726180334448156
18	89.98840252608458	66.7110541460736	14.253768259198244
21	79.71711315198016	96.00830388281796	11.47097512206464
9	88.0842957586647	85.10959563099908	19.43640990117736
