3	-21.361666584826907	4.58487851706359	-10.026822096734595
17	8.308870829769035	14.535060593099514	-12.998071713715428
5	13.847901359294633	-10.350111315209405	16.31836994856723
6	0.2408961208018749	-12.835101926581624	13.673957953657903
8	-15.352238975274028	-11.89807137394851	-12.753852663777723
16	1.5786977805761062	-12.914019360931842	-16.081283015898
15	-5.006790194819096	1.221908906015842	-13.67267651466495
4	20.784208251150556	4.211667899408283	1.9731588593030898
2	-11.74975839074125	14.599788206117386	2.6183233397630197
11	-11.966977442922376	12.197908949771694	-4.514859634703196
12	14.495685590541964	12.204361114362635	8.066922626711925
13	16.91802267447263	-6.101850385651891	-10.080699005668617
1	1.064807699948349	16.01127438515635	-7.673942747030079
14	-13.769108157199472	4.497118064729194	-12.823053500660501
7	20.869562842339015	11.739468837897855	2.1170133234641004
10	15.94206718628215	4.576146999220577	13.21322010911925
18	3.2209623332844792	-15.255940348820173	-9.89494635790708
9	-20.750511652173913	-6.716044173913044	-14.518239304347828
