31	22.34484363284557	10.726583746523161	26.4239576732374
3	43.260612957189565	30.346842293361718	21.01501961827998
26	18.713433252845807	4.110014832700931	6.914596929975852
54	20.666091478241423	59.26970801308029	27.548453059056985
38	25.359737794676807	38.053048212927756	36.63528030418251
30	56.912021604066645	14.392893815306412	19.647207427280435
20	33.94532899455439	49.794298977287816	-27.523040244388362
17	47.15855055584967	22.775662519851778	-2.0929986765484387
25	51.05936645537093	21.69693027240021	53.46859139969163
51	48.6808854328094	9.146493635156077	33.163652534868284
5	30.611633179114335	40.47839682749505	0.6661349636483805
23	41.492333835616435	47.98805520547945	36.68623273972603
6	31.96127164465515	26.46140986567332	45.236169714414714
29	16.8420372996738	14.371451992625158	32.93484597929371
8	46.191695248131815	43.968465893849405	10.151147633646293
16	23.46502680368683	24.741555143553338	-1.2959266871490625
15	5.11951478460362	19.473249044098907	4.175585393831253
43	55.4446162844248	25.33232191213042	8.196287372202265
45	6.7531913784936055	65.37111953260697	18.042777988315173
53	57.32563366560942	29.03407294970549	28.014926597190758
22	49.09668600887185	44.25029085241579	30.256419014506655
28	-1.1876518560986093	33.671692991256975	13.017177010176294
4	19.646030798703215	44.58187636310049	19.58300103153552
2	19.638031439778583	36.40923742110188	8.628149473348863
11	8.725827397260272	58.28493150684932	0.5562654794520548
56	18.342179965708258	60.28653633605911	2.4989266024795573
40	35.35558881638572	55.56886650353454	-6.610958945078849
12	51.34387451587918	43.95590085205268	-1.6733838884585592
13	20.49618210197711	66.24630667459492	21.692737178534266
1	29.400361743705353	31.94527098835028	10.490753438556935
32	11.566369925575104	21.556431833558868	-1.604555818673884
42	29.53958737894023	19.756342483498862	-1.799873357596694
14	1.9988896342437312	64.81847484427408	24.12450646861524
48	39.87105516414329	15.33468385549393	39.063864338180174
49	53.3366086270384	37.97720129756269	13.838261792039276
35	30.777947993563483	49.5456603739155	26.247890015095965
19	32.731710854092526	8.52033078291815	7.823583096085408
46	51.94904073482428	42.551929872204475	18.057105910543132
47	44.800327367363714	47.498019176330935	21.534508629348924
52	12.636474328648951	46.098829275080014	-8.75143592597746
50	55.755505873051725	33.78585351253671	41.17994375423537
7	26.518772784355946	26.206690168640108	23.620191155364196
44	17.044036665570538	3.1300504768168365	-5.447866984544558
41	12.002333160889812	37.41083665287118	37.558246766683915
24	25.99371517489261	9.215293240992375	14.373305163496097
10	35.54597796465829	22.16588673621461	18.652919948903552
18	3.3914396654719248	50.59035185185186	32.78757999348323
39	3.406541715801887	21.218838443396226	11.791662441037735
34	27.66123777375267	64.85311773423349	11.187626873044625
27	37.745733867378725	63.27490950897493	16.898033822874943
36	61.00263853474593	22.74217435805351	41.80046022625247
33	55.47747497034401	25.00946975088968	19.242172479240807
55	35.10978905878356	40.68459942235815	42.37836721032961
21	52.58322393139123	8.975480805880753	13.956317451674382
37	5.93235453125	12.303369062500002	8.266361250000001
9	26.88472909193883	30.983428733245233	32.21788804983953
