3	1.4670691447626518	-10.716553942722634	59.89660670851314
5	-4.622165830825812	11.832645937813439	85.30029098406331
6	-16.41324067673276	3.5632097507731486	57.26904911770055
8	-8.990228885832185	-23.7477348005502	69.36169573590094
16	-25.071710184884854	-3.8364459941615316	64.46790593577684
15	-31.860143952120957	-8.050778244435111	78.92934113817721
4	-18.708073158489142	2.416732965240306	89.84385669469192
2	-4.4269653613008755	2.2121610699509286	83.1100244395266
11	-10.748218578352178	-6.77014830371567	49.757944749596106
12	-19.3219990258686	-15.92463740664574	65.5240087671826
13	-23.574316574415754	-17.065239698646987	72.69213806888071
1	2.2507045597437205	1.1229171881081403	64.60498847339903
14	0.44393252046099885	-10.4348383163521	70.80625254718558
7	-10.315009369287015	-15.778965036563068	62.07491464808043
10	-2.2277160132382896	-9.190872072301426	53.00641598778004
9	8.31149862258953	3.2273277089072536	57.68833838383837
