3	-6.713541538798773	51.3342048443665	5.546091736080666
5	-18.77869489247312	64.17361962365592	4.423807291666666
6	-24.861550239234447	61.99508950182944	22.930663664508863
8	2.034159307475507	30.735673064018254	19.146515501275005
15	-27.590847030593878	59.87347405518896	16.913059688062386
4	-4.421022171602127	25.56098800303721	20.32389263477601
2	-4.488957511249567	38.851252422983734	37.346725510557285
11	-26.85429752756432	74.07482425659872	11.30448813899098
12	-23.545187341394236	46.968111658456486	31.15314643976713
13	-2.7552221251819504	50.96211804949054	26.04617350800582
1	-15.894998992638508	53.002112708252625	23.965945912437036
14	-6.698160052562416	53.76945536574682	17.391172842750763
7	-23.955993681410042	36.200494180246096	18.495628699700703
10	-4.951106495589415	68.67707538091419	18.69356006415397
9	-26.90692614035088	75.19446245614034	4.472087368421053
