3	-0.655737708290475	-15.505002948638824	56.85413968319276
17	-14.987507819441978	-27.906997423138435	63.711695841478594
5	8.230136313075135	-43.98079421579533	47.24844008494285
6	8.36840115163148	-32.40393056339619	64.73154397651577
8	-2.3299926302161134	-38.81737575938652	65.82529927298077
16	-4.352987857362435	-10.614090378112511	49.94606517061174
15	2.755822193474198	-27.388034353888166	27.004173063101913
4	-10.502995535370644	-15.155102455546148	43.08130359479641
2	19.84767275253026	-25.141393034332204	46.81498342925184
11	-4.3961125505328935	-36.88221233002574	48.8928935134142
12	-8.357475634665889	-15.576277939889117	33.876508608112054
13	13.116435328517372	-17.59835896112831	58.715455624355
1	-7.037123473678876	-32.172936413842024	49.59406044484978
14	-8.010070175438594	-24.721766315789466	69.68606245614033
7	2.8848065271476657	-23.325687984779744	32.96847797453535
10	-17.804790240414697	-28.99338171418358	38.63565063902048
9	1.1476094321228365	-42.04494187180111	53.06640287594441
