3	4.779561937377691	82.20956379647751	87.70831839530332
26	9.12400644628099	97.04903603305785	85.28017272727274
20	16.398010082493126	57.09054781545982	77.92554139932783
17	-21.9532273318872	123.30909652928419	57.43714956616051
25	-20.36014739789196	128.0137196969697	61.033167984189724
5	-1.8560960758760499	69.48748761946133	104.19226078772083
23	25.61571475323996	89.22728472313132	94.12377614871059
6	7.932128458058294	70.13785181339463	108.73778335681969
8	24.743820067153862	64.91726950424649	93.0071360853249
16	19.802727132651633	80.40498683288976	102.28816402857542
15	-1.8283218509587784	56.58816580548858	88.94273498679526
22	-5.013702676733014	81.9695306794784	101.93666245710364
4	-3.790745702779689	89.95937874472057	89.70022522345549
2	6.410012743848643	76.2981706695422	99.43395088716792
11	21.752674609409095	56.54710718338134	89.9042341799773
12	15.673744188356846	88.63199662229287	100.44141515994437
13	7.49626507394767	73.65765396283656	92.73986215396282
1	9.36201260716087	64.82220596498814	97.91473157553494
14	-0.49617607223476307	77.1481813393529	93.86971068472536
19	1.587824507448342	97.06104382508408	82.37995848149932
7	-9.212570990896358	68.61603168767508	96.00164382002801
24	14.412822183671258	73.12111579746286	78.51277968123169
10	24.335279317697218	83.4653038774382	91.4660694148306
18	0.8033307287243079	84.90669695940207	98.93304127739086
21	-10.602496973961998	77.38546403940886	96.91941196340605
9	0.989442793091996	72.05312612089008	84.22509598140152
