3	14.610515374331547	53.13386920677362	10.503070409982175
17	1.7764336283185842	45.36804527382326	37.061808900859305
5	12.852970708795898	42.21040222032451	31.71623586678053
6	10.908470783148374	63.25826981538948	35.94607547467522
8	15.271279883381924	43.90461354065436	28.385275834143187
16	6.517004133256177	47.31945573282633	57.483819376704965
15	19.346597025572297	59.699095912323564	30.802407038326027
4	21.63949024517475	53.67659551382366	54.1383872717788
2	18.557661763015744	34.74973727157798	12.512649120790714
11	24.672059513651877	45.2871701151877	15.122901343856656
12	25.714266134880344	60.021993255982586	35.22776932559825
13	27.40318224450194	67.05363809831825	21.088280562742558
1	13.708008120796855	36.53142126633675	53.96637964725287
14	33.160615088529624	48.766880817411995	47.969704457974665
7	11.313344437589965	55.53895033929672	20.26157073822743
10	10.47189806119358	41.00994425931535	10.885903211148138
9	22.661441097000814	60.542175628208604	52.276076871115926
