3	21.3750991681736	23.978496925858956	21.02233779385172
20	41.290861149540945	-0.31964897497170175	27.467976355175445
17	3.9607851057982963	0.9902158560043965	22.662985160758453
25	20.340858810748358	2.535944071619132	12.715162449462301
5	13.0505273398665	-3.518783269421957	-10.493065331629031
23	20.014124512298558	-17.909376759966072	-3.5067365564037325
6	24.74562839171189	-5.665907252096695	-5.291177479033054
8	15.868176552421906	-8.59492525610219	21.383787782977112
16	27.967300764788515	2.1759097861713754	6.422661307944437
15	12.032133965244862	-19.253923380726697	4.095874249605054
22	-5.2542181693048855	12.64127185134205	30.34779036476256
4	17.246936641920065	11.68803203498424	18.308000457642635
2	32.131537214509635	-4.745307389162561	6.424896372592924
11	6.466214728245564	11.261128977752744	11.94865882849901
12	31.66275929549902	-13.399689669378926	16.197131115459882
13	0.9565556794425086	-11.512923623693379	21.867987735191633
1	1.8812613787991102	-8.171286286137878	5.622480207561157
14	42.00973961433163	-6.977438043090107	13.265408225211289
19	22.620285487320498	-13.51419486709441	13.75257207454934
7	9.574331295649415	6.203972292791363	8.026253255001588
24	5.546784418692528	13.535103350547926	21.826255573749837
10	17.91429617893756	8.132138303821062	0.379210624417521
18	36.76776734822272	7.725592702107584	30.169621830764385
21	-7.3198385731559865	1.0423475413139862	30.105361950826282
9	16.659636427939876	10.087548894783378	39.50950061892131
