3	76.77138516692808	29.72119008141011	19.112961236836206
17	66.89158923076921	49.024195692307686	-1.3836723076923079
5	98.93995979086267	40.677440433213	-12.347496078675466
6	98.53904039064385	45.126037858693046	5.380113696648181
8	90.35808263524068	51.06044838847082	13.441470538122957
16	111.38500261278524	36.526994077686815	7.671887301863786
15	82.68604433497539	33.72622843068262	-2.124973961998593
4	84.40780630510287	30.479170852257557	5.010275447502004
2	105.48472132061012	30.309477397785056	-10.33435898864665
11	87.06765189028907	40.302734025203854	-1.802417790956264
12	67.17182214472535	47.78367247893054	5.825616535890728
13	88.97788110291536	18.773731647348082	-8.45144889357218
1	93.66907513090992	25.820886089398183	-12.11621120133566
14	80.89193366552477	53.8100316100903	-4.808331983805669
7	83.93912255744881	29.030924339534156	-12.781385180553386
10	62.86530573248409	52.75987671620665	-7.204929794762915
9	67.47719470029757	38.92833810401021	5.107757545699306
