3	46.07343320651023	130.59060145846541	20.62880416402452
5	41.689320748730964	147.405510786802	1.0204595494923856
6	47.08320133891213	153.2866530543933	22.99694359832636
8	42.70314771194821	144.40266241122	-5.797367346938773
4	49.73647193472842	157.26425141648411	-0.263942811815366
2	54.65310467038643	160.23730543500724	21.93290493903699
11	68.83257137936126	146.5789291865558	17.220371438413466
12	70.00540772661981	124.926590232101	-8.836004989793604
13	71.98632219968121	127.18826822199681	8.725705405013768
1	58.69812419801446	123.59650712500844	-3.1749053825893165
14	65.14907708408276	141.80019459070542	6.0758989109461385
7	66.78957065886699	155.59994719827586	29.932438731527093
10	78.48206667337087	154.37481526548672	5.489754022526147
9	41.40170929698268	160.7869042732424	10.699523357328843
