3	6.526337940811625	41.261286195286196	55.004979620769106
5	7.599197249048873	17.295781533508926	69.19120441908107
6	-2.651123014959724	18.661030264672036	62.30246121979286
8	4.743119719318346	27.465849062007738	47.457754689961355
4	18.916458435438265	13.493281149858625	56.585614420358155
2	10.539413816823899	14.733587067610062	57.70281780660376
11	38.097324923736494	35.42843037348503	48.7642127957787
12	20.02375685523982	27.834809502184164	54.231272047056805
1	31.563383630980805	48.95682303504917	53.49640550090728
7	20.852844658927875	2.46198095734968	53.16560310421287
10	10.123562536089617	20.270760018477883	41.159382838664975
9	24.6750451212634	41.98201556683588	72.80445741680767
