31	-1.70083792901144	52.648527280727485	-0.7642854209445585
3	19.2640323552736	44.714350991276774	-21.96349992069786
26	-4.671583192646784	48.33457878446821	17.034812417932844
30	35.05019468211136	58.76679965775965	0.5694562327234434
20	2.9736375725593667	87.24295546174142	6.878479261213721
17	23.148704291990544	70.13424298749578	22.819527317787546
25	-12.12483813387424	57.00509438810006	8.990348613928331
5	15.155865207608917	43.09203262425854	21.802688075271018
23	13.875806574074076	51.188563240740734	-11.241551851851854
6	-4.478094854368932	64.51699485436892	20.656608932038832
29	29.714558208463686	49.95535237938416	-0.9988149184916844
8	17.217120191685016	63.580781168242474	7.178345939645123
16	20.292907293796866	58.00519001363326	-6.669831288343557
15	5.345897215927485	55.42139511168662	5.129025089025574
22	-3.7588295389324657	74.70444040558635	3.653379758943944
28	-9.932183533634237	43.665686986785566	8.249826200445916
4	-8.880905510139081	87.05614757405245	17.857998725979403
2	8.11004862653419	64.82525791934545	9.142385973115138
11	27.62305791122317	72.68493803957521	6.150213843685539
12	-12.560901561166608	65.51039952813615	10.600889714371768
13	-2.190155080213903	76.10039872179469	23.99067731837746
1	28.725850539020396	56.55831860792124	17.70127132645887
32	-13.675428497765555	59.00199209350293	-3.5917653832932284
14	15.384725037157141	40.714980678286736	12.845789487907041
35	11.450702157802965	88.42986824324322	15.46236464690497
19	14.528111101344821	62.33501371187483	-14.955301924936276
7	23.981430690046235	55.22921059059585	2.3458117421268434
24	21.165179594464117	72.76544689411007	2.463051174766656
10	9.611417840375589	72.0091441768893	-2.470582765409662
18	-11.740684059286146	56.977055807622506	17.0810983061101
34	1.098213478197034	68.49111936573189	0.2571694318014975
27	12.023531707317074	69.27389495934959	28.387175934959345
36	3.205314852989042	53.31704383204948	21.816688944341976
33	9.485624134724663	47.796992561215006	4.549852980679822
21	19.075361495437157	40.595544745363554	3.8577849573152787
37	15.140297036124261	67.17235054153967	-3.2858909138076404
9	-13.725524546065902	64.17919605469625	2.5988084734364487
