3	-5.520693843300062	5.96182828372052	-4.843394841445103
20	10.529898565180698	31.905919205094765	10.7547428067214
17	3.819787280921381	0.8611470205307963	12.68826209313971
5	2.3037886483044105	13.789321047603885	-13.161288091068302
6	1.5432931086671378	16.227962163252954	19.868709312884672
8	-5.969310988494954	22.385478046489787	18.723760154965955
16	10.447280148698885	33.37401605947955	0.18951791821561337
15	-17.871823777229757	45.36819533497739	-7.878406596794083
4	11.110238231438448	53.48856679775951	1.989227744011441
2	12.09338150406504	18.33252682926829	-8.50929593495935
11	-6.027857772183764	2.045403319697924	8.934394273127753
12	-12.98572533125487	19.751676383476223	12.122146063912705
13	11.100542998995213	19.064968496956084	3.578639635912289
1	-3.1109134812618837	34.455436419170816	-9.342396292802707
14	2.3161030851195648	49.37166299095529	-22.31916045099741
19	7.212786936701293	32.09645243255363	-4.549310963306179
7	-15.759767554685503	44.38639058643288	-17.427814707634695
10	-8.304132062510734	46.141610166580804	8.133908466426242
18	10.927247788161996	26.56456990654205	10.825231775700933
9	6.218499776619507	34.07465778108712	-20.458407297096056
