31	50.64765396725441	-12.497450724181359	4.046455132241815
3	20.396721976270584	25.522174783070657	-7.248263148574465
26	35.07847476272649	-19.17743852459016	-21.27308843830889
38	45.85339905802563	-18.715845704596834	-18.452133006782216
30	22.817972721134364	42.653686698176884	-1.8473390952059416
20	14.341041063213495	14.66381121144999	13.061837962174137
17	28.926819316778715	42.73127246535877	8.480776375360131
25	31.865973469095085	-34.94765251685072	-4.001667288111286
5	32.24552053661225	14.9461776757616	3.414373649547416
23	25.2411427072403	-37.9643242392445	3.163541448058761
6	41.15028091273512	-1.131405026210299	-24.75171708294789
29	32.53204522669043	1.9039419627938066	-19.717900412164422
8	26.29283971950914	13.447729651890803	26.794613072877535
16	41.65483369293173	17.362468973850003	-9.362228704582721
15	58.0051598268915	-11.594212953290553	-19.282967318310693
22	49.3888788119441	-18.969496346886917	-6.744110864040661
28	44.300680240571374	2.570713068537778	23.650912542287937
4	31.53938718209563	1.696116531027467	-0.4135306714140387
2	22.57153356282272	2.3906824440619627	5.342577108433736
11	16.275086708499714	18.55724329720479	8.671315031374785
12	57.65524459809853	15.317193460097956	-3.595195764909248
13	18.006699286442405	-21.874292898402995	-10.282602616377845
1	46.6505454478869	10.866387753607265	-11.953966600747087
32	37.221498248819856	36.46354088624943	11.106677935130199
14	35.56979624835865	10.87978844494466	-15.966801388107298
35	43.80000586835846	11.367639333862014	21.645146074544012
19	40.892207647371215	23.402845990440788	11.997840325721368
7	53.29821488434464	-6.097094334562521	-1.9607289306067712
24	29.158953506097568	-11.275427591463416	23.167815548780492
10	23.085005098893863	22.593341009087546	4.061749825239525
18	33.75065088757397	32.70607996161843	-11.973895250279867
39	53.31835543354396	5.681230809074899	-19.68657028902932
34	25.940761771630367	36.7890498822837	-14.181992348440259
27	55.362763147362514	-7.795982630272952	-9.350923076923076
36	33.772847548546295	-17.247276472481495	8.679415620641562
33	45.46463709785975	20.981395073361153	11.021646924215911
21	23.548079946737683	-15.795344500665779	5.26094588548602
37	23.161261948642338	-1.265413810050375	-11.925001474382604
9	45.483246186393494	-6.795938759603607	18.115520654715507
