3	-5.874599741044453	-6.679746741476046	-0.7965277514026756
5	13.364598362969236	-24.432151001975726	14.1617616426757
6	5.198705773078022	-26.672908545298657	-4.397353243783939
8	20.904603503452922	-5.027304530907865	9.201401718039412
4	11.853605186922332	-23.202293005931857	-9.361424472341014
2	1.731780180003913	-14.089357268636274	-7.855898160829584
1	5.884303846778123	-12.730779418925495	1.2152281014986743
7	-6.548106946354883	-4.822578977533243	-10.943478679504816
10	1.2097162939822426	-11.535771456757649	-13.02499588951003
9	10.267916917293233	-3.776621679197995	-8.563584461152884
