3	25.517494651822748	3.417980062577313	-3.5272917121443648
5	4.2045435999620455	9.638501186070785	15.097132460385234
6	23.057984035019956	24.373842410196985	-7.411116261104674
8	17.502933169079146	-3.3902405297197418	30.635665845395756
4	9.44744863500079	-3.011836673504812	18.858580085213823
2	21.415713221853633	-2.896562047254756	22.513922347843742
11	8.826565151769243	-25.083889820560117	26.00809055844373
12	0.5326645161290323	-10.49614112903226	30.86561720430108
1	15.881421137634915	3.2151105727566383	6.964347711336959
7	19.899321524592757	25.032064526332434	4.410945200063262
10	4.176232254764035	4.722537408875815	24.849844609285068
9	5.151115788189361	-1.594810639336262	1.0454904831625185
