3	5.08716899965859	50.66835179242063	-3.77978361215432
5	-5.007505423344666	27.005068479844585	-16.32508871620528
6	2.8139642324888228	51.35150715350224	4.044595380029807
8	-14.336649302590377	47.0153734699687	-11.280368773128382
4	7.993684792418771	52.391773916967495	-11.289765794223827
2	8.488782711308449	24.395386135445417	3.29505052202088
1	-1.0204069572092103	31.022506176499643	-6.129978258721217
7	19.832665887486364	60.334676016830294	-6.983125915536857
10	-10.506857053780204	33.9211113016368	-20.323187373343732
9	4.050747390396659	40.50573133129918	14.748535089127992
