3	-40.787231593320016	-7.180997584287364	33.91513675034135
17	-30.01976874896983	-17.08555134333278	16.576673644305256
5	-64.83878001982441	16.101435641461336	-4.808571509487396
6	-69.94431521924585	-0.23297193311721545	18.071950264459982
8	-66.2492651824715	-13.255955262787095	-3.7902267155135982
16	-24.478031398416885	-5.088258179419523	17.180080606860155
15	-72.8690792882376	16.21237485280649	6.35453486850713
4	-54.107144087901105	-22.00834124110376	-4.148354725933326
2	-65.68768643523777	-2.7782016690533795	-7.0276566095501485
11	-60.59511937433345	-8.185455812300036	-7.397699040170637
12	-31.05807166516109	-2.358099568403092	27.58885225333735
13	-60.13892808330621	15.045118125610156	5.083978034493979
1	-47.20643399892667	-11.444222384662355	13.330050743009418
14	-49.692749882629094	-4.859630633802818	22.269903755868544
7	-46.04890905757242	-2.8141360469380268	-2.3095126512651265
10	-75.11502083544049	4.7087399615656915	11.808466471123701
9	-52.50729320046893	2.227781946072684	8.690585228604922
