3	60.48054911518493	16.956205202924664	12.008922485959522
26	44.72824980823317	40.469976732293524	-8.426716568652516
20	61.22410753109394	25.776249143080996	29.919243854666536
17	49.759811669466934	42.77097388116695	2.4494626546509854
25	53.97959493293592	38.050445156482866	-0.33814038748137115
5	22.94798771871904	25.225031957741823	-1.859666028392209
23	48.45253621632176	2.6676376415462713	27.744036118703626
6	57.369705926622764	28.503563938538726	-4.074422138601442
8	40.76126167531505	49.525026933531024	4.92712964335722
16	45.52056545961003	0.6948130222841228	-13.538014798050138
15	46.947556412337676	-2.311238501082252	25.424451839826844
22	69.10292865985762	23.863384710615907	25.42530996595481
28	53.91174449548549	38.76286662442578	25.11316885791224
4	54.60513897550112	37.0106015342737	12.69915862410295
2	38.450025839900476	12.857956739941931	9.020206843633348
11	20.198408844439083	17.05814086034462	15.237496324858414
12	52.21173770775623	18.973976108033245	2.9599156855955675
13	16.219515983175604	12.52113449001051	-8.926717034700314
1	24.24392541034699	16.567370455017667	-9.691721310340052
14	33.27381852117731	40.82891715721465	18.344812203876526
19	48.352444105364604	7.946357854159974	-5.228871506585287
7	43.43466937477923	16.153561050276693	-14.824323678323326
24	25.724586740829825	36.09149984966927	9.49681404088996
10	60.28066116690579	16.828565837717203	28.106462617567352
18	40.59770546438842	-1.9501561495516833	15.655319404500084
27	49.00123074581431	46.37835844748859	17.322335235920857
21	48.71063779264214	17.950790301003344	27.48111889632107
9	40.428261507804706	6.017358419129857	-15.46612142145466
