3	46.818501703841385	77.96430793060719	111.73851781288724
26	57.21269303255283	92.79292386768002	98.33985346834771
20	61.201617273497035	73.47140563552541	102.5714226644087
17	46.08812314418435	97.03170179433462	128.81661408142818
25	69.2481970545862	82.94146246198176	85.6052217864575
5	69.01067456602301	78.70234357323972	119.63646303881409
23	68.00862252311755	104.00303451122852	124.79913441215321
6	45.64379096677865	88.08132493467713	93.04051698394925
8	58.28554936434949	69.92725705527005	118.91905211432693
16	51.76257501609789	76.54410313371972	128.98229931315737
15	41.713844618513214	102.40680989681405	111.08036356104543
22	69.62924065040652	88.59498585365856	95.87644764227645
28	60.92916613719938	91.67696260998477	113.36688145709394
4	48.22980559279831	78.01836056311052	103.31719048075078
2	60.4416524682437	80.50391344032857	137.31686141325014
11	48.583453273232344	71.8959190733267	96.03711185072594
12	54.61901540957014	84.64402017437148	77.79652747364153
13	69.71893584778581	94.43738945950497	129.62162013807037
1	39.161001339726425	82.17956416584404	108.9525200958962
14	51.60467995928941	103.83553756476685	119.46523056994816
19	54.00464743448581	100.47060460251046	99.00538581810177
7	47.391449772841995	102.1784523529082	97.83241039878851
24	68.71640700218818	87.31610031981147	80.84161235482243
10	49.388515584254314	106.71458562026572	114.44999081087795
18	62.96995010900981	74.81860611975863	84.24047895857628
27	53.61954727930633	88.28779873011536	138.08951601010446
21	45.52627882016833	73.37405443595088	107.48029495791832
9	42.764446213942314	99.88826652644231	88.31086793870193
