3	29.479706376668318	16.863901631240733	59.053642445213384
26	46.82427913415555	12.113854140448025	39.258690536118806
20	48.36653815904456	16.387299737838628	47.26643504223711
17	47.056896102553495	25.69136793135532	13.418560632688926
25	46.04321500140462	18.72687021256672	37.008532634141766
5	14.335186066513762	12.498632597477062	41.13221186926606
23	50.98483938181317	2.8347677659721264	32.639418655995584
6	36.6844728300959	34.070834193918536	53.77533562822719
8	20.625412364130437	29.579161727241836	30.961280485733703
16	41.26809716095465	27.86829431059835	26.18896086415564
15	36.390749794374074	22.1030870208916	73.66673416680375
22	17.673041237845133	18.0062196749237	22.973835971325148
4	44.84932356304801	11.027908297683096	32.30216091321108
2	41.221271412783196	21.44946438110149	32.033672384417024
11	25.825627068594276	18.636832666871733	66.55845505998154
12	30.88769200858139	27.19356731027085	71.30588696701527
13	28.62757382953182	1.7967837635054025	40.79256932773111
1	30.029699986929433	18.6735954950114	43.47876258042026
14	40.27137459668746	-3.7709548289954835	22.214737470423742
19	45.53361518825782	7.498759891512443	51.24513592852584
7	29.741537973811173	25.492665747760167	53.90959448656099
24	24.96196242774566	25.254708092485554	52.0918484723369
10	16.805648962450594	5.919190464426876	59.97858689476286
18	42.15534483368719	29.221620665251244	68.50421107572542
27	31.455725014025813	4.478168990943336	21.122177927386396
21	15.56014741180749	16.08339192629409	49.43365013941084
9	21.442616692968613	4.221300543573558	46.261852796773624
