31	-30.404790663830745	-9.869441956789434	-27.883822568006266
3	-17.834604425236403	2.290494865543735	-7.689264184397162
26	-11.173029072840682	-13.358018923776296	-17.854098530500053
30	-17.237366483024914	-40.14967735555871	-3.5658973489664265
20	-22.353891628542573	-15.001117640068916	-23.470168082704532
17	-11.34001898820019	-4.973556896785568	-15.862633392106334
25	7.5470993155281185	-32.01488484767146	-15.719906187088984
5	-17.77058971264801	-10.956073836639261	-8.895014857832415
23	-35.3936294726132	-21.759417500423947	21.958872477530946
6	-15.96134070097884	-3.3480033417535	9.975492211346172
29	8.774601744186047	-30.263119993540055	-21.973502099483202
8	-30.865392705902693	-2.5854147437559414	-12.13970166796301
16	-21.30271236420072	-0.2369901707190895	-31.51433678220382
15	-38.25648128298822	-15.974888997157938	-7.696774827446203
22	-0.7741207925822432	-21.18288073161438	-16.210658961005972
28	-18.593284627919612	-29.81173128414864	6.656123366456846
4	-5.761380911033931	-24.88408282126636	1.110694429601924
2	-9.49886311081104	-12.858217486707737	4.514618870790784
11	-22.333332590744362	-27.574728509475435	-9.182115962692333
12	-3.5017212591726037	-11.78232191853664	-6.197246304370946
13	-1.6912061985472155	-12.10761259079903	12.512202033898305
1	-19.264883534231096	-16.003603234767873	24.798816319804125
32	-35.10433723196881	-13.076259990253412	-22.256021564327487
14	-30.684800138913	-20.52764342767842	-18.817138826185104
19	-35.66252951351351	-31.500735783783785	11.100408540540544
7	-22.709311351351353	-13.740995212355214	3.731576061776061
24	-18.244600268418452	-23.143796213887118	-15.74825916507735
10	-6.3279454895571	-14.089867575174045	20.45998192860317
18	-8.03522141655316	-5.3781505488342285	-2.9353959618620307
27	-2.841141944255608	-12.705029231815093	-15.300216859279402
33	-18.998362520268714	-2.7600659408539876	-21.925109721257044
21	-27.226190556492412	-2.6748724002248454	2.874067594154019
9	-40.85890966955579	-23.55095977789816	6.229273293607801
