3	37.19904627323242	25.437648400076643	-28.81430638053267
20	35.89117531578147	19.14635489271039	-37.6859796073657
17	38.47846545961003	15.405309610027855	-0.7244610027855153
5	28.490921013727565	28.1599312565998	-37.50818215417108
6	25.17556832889227	13.192228904961297	-10.280398553483058
8	44.83090681332111	43.634349831958446	-11.87654078826764
16	40.59849146504378	19.981768146059075	-3.0715673148285583
15	29.784351764514554	11.02656383151732	-17.741004065701738
22	42.093383018690716	42.59455630694093	-29.531595848595845
4	37.0538699686941	30.081377012522363	-8.459111806797855
2	19.739434210526323	27.45776730019493	-26.022527812587025
11	10.832662059888122	22.335343205001646	-7.425370681145114
12	14.863680060082613	18.609634998122417	-16.669853924145706
13	60.02171430656936	16.83553416058394	-9.272320583941605
1	37.69971221622977	33.73273949579833	-20.78907512855889
14	54.46173919181226	40.32625816128464	-13.948653432151048
19	56.47787840807357	35.341481810043135	-4.336772930739805
7	32.052902837313745	38.356213717085126	-32.055442471252654
10	52.294298165895576	29.743686136814276	-29.274190102445473
18	20.149624853064648	28.74715617128463	-12.39411385390428
21	50.62145508758852	13.358514070070814	-0.4900631755497577
9	49.57337888198758	25.480022333817892	-3.4275340293379144
