3	21.679813502298977	28.47892475047662	47.633212964001345
5	39.406665219941345	17.130162463343105	41.35357724340176
6	36.67938856427379	23.840612896494157	44.33355217028382
8	29.14942272674888	13.438383312204683	29.459544773539236
16	31.318845782201173	28.525172673688274	35.52467697362064
15	33.65288362195481	16.906377311417668	55.19009451130026
4	26.305914981301996	20.219803174845456	54.81724933221398
2	16.372412965116276	18.247826860465114	50.84997203488373
11	13.761158759460956	4.53360900867639	39.722426619900325
12	5.524675706033377	-1.7273989088575101	53.290986521181004
13	36.32607734130761	5.275308549680577	58.564352589370685
1	31.057079648121736	-4.709553851640514	50.57310342368046
14	37.426285198135204	10.18747470862471	47.11883624708625
7	34.02278764759309	-6.595936512261581	36.4162966394187
10	23.490897071030478	10.253341871220208	62.141760109095216
9	12.431708737864078	1.0496822387207307	31.073569617361496
