3	36.256560929048675	104.84269129812283	10.779722319440026
5	39.39644849679645	98.71383440118285	15.486537826515526
6	22.242002958810247	120.248000545044	18.65617332398972
8	16.903214131662736	91.8581451165657	26.343188045599266
16	18.076664621346687	106.45217891167447	5.53688018730825
15	33.26510563020922	87.2180961047797	17.375421330158186
4	22.800311444652912	124.83426671274809	9.367538461538462
2	13.46146092005359	99.65583430102721	18.54013923626619
11	18.719574721780607	112.40854575163401	18.061555643879178
12	17.830238659408693	105.58956975130756	16.455996691215713
13	20.91454090801608	85.64306940174983	20.123393355403167
1	24.29382835556984	101.23181176659702	17.05187786529497
14	18.591298879386613	118.5848739309938	3.4113498967856084
7	12.882004317789294	90.30537702936097	15.385699136442145
10	21.60246706132362	124.65996372191863	-0.8507443837279904
9	33.961573282075925	90.08566662662182	24.954763214800582
