3	15.641011640513552	20.421167646219686	10.580334208273898
26	14.670967152901667	37.61775348934831	8.044450466995487
20	31.57192376166546	23.945244795405593	0.5956231155778894
17	9.235442377495463	26.371215063520864	-12.243375075620085
25	21.79094128532975	38.521072846567975	19.879989064602963
5	-3.6932667499609564	32.759458691238486	32.898302045915976
23	29.477938912732476	25.923314878397715	-7.74429885550787
6	16.34905775323617	31.771636643432597	24.1015276093057
8	8.984655436247445	43.7049472242751	4.152687084293353
16	-3.0203302660753875	49.923870731707325	20.041659977827056
15	14.757249999999999	30.766741288531495	1.224627512923607
22	-9.465836189099921	41.425882122213046	21.109948286540053
4	15.17703127292737	20.86665526412326	-3.3238239178283195
2	1.421767073487406	26.326412966329087	-8.14092201159872
11	12.95844999584338	39.01898636628149	27.767734807548422
12	-8.0057722503279	44.88136987071389	6.08284935356942
13	-9.091889376053963	16.090894266441822	19.80568532883642
1	3.441399554156832	30.784956530291097	8.852610936270652
14	-17.19913687600644	27.608895008051526	11.05138615136876
19	29.624741897076326	36.249976319619	-0.8092324381531948
7	-8.741267298369324	24.671286690171883	5.110568312031732
24	26.227975852272724	18.114421085858588	-0.6225673926767676
10	-10.465894590467883	27.192303359144937	22.280301995855595
18	21.062061156235078	29.160695652173928	-7.692425295201696
27	12.61764241562278	31.493138121546956	12.547406487610093
21	25.112232527693852	30.014043101711984	2.495221047331319
9	3.4066397464491143	17.182443714050947	6.765267050123255
