3	7.125371637797492	-5.352995282354598	1.472201168849458
20	3.8034937823834194	8.875845768566494	0.646317616580311
17	17.219010814249366	-11.43904427480916	21.74882022900763
5	10.142510008193838	-9.532875687697528	38.29356830153341
6	23.408943773584898	-8.002349358490566	14.709159018867927
8	2.709343612334803	-8.759179276000767	14.800979314307606
16	-7.352528473038804	6.65079909289434	17.863348731731904
15	-4.731361934477378	8.83996429190501	9.495661986479458
22	-1.9237530064754857	-4.536143782212238	47.13009739659046
4	22.23774543973942	7.08501832247557	1.2889906351791531
2	13.247256756756752	1.398025248933144	28.18439346677505
11	22.613770405167347	7.441461890780975	24.83780904286553
12	18.208170543814305	17.15595028128326	25.385389589985294
13	0.29280012178413767	-17.9718938955701	7.072867103059826
1	20.486267296948864	-12.649311058587593	3.2967279043117026
14	-7.2885033496732	-8.066376470588235	38.118968627450975
19	-14.056266765140322	3.1711877400295423	27.15583618906942
7	-2.126439468361745	13.06157512279688	12.779693657902342
10	-8.32919909710706	-2.4822383453104853	13.754764879307169
18	-4.031693050749711	-9.524407727796998	6.161168685121107
21	12.768465172786177	-18.442042386609074	22.731798596112313
9	23.727213602088163	15.728421621229701	15.15436956206496
