3	53.81796204648052	0.9703285403778632	-3.667032436047484
26	54.07864712402288	2.8363496674833746	-16.19254602730137
30	75.98803224500128	3.85350741584409	24.790989926600865
20	84.10226723172877	0.875659843275228	-4.337838157684312
17	74.79886217730535	-4.418272608263078	26.115724982981643
25	58.21853652318855	12.097562506128053	17.228890675556432
5	85.00172745971886	-5.968651582676264	15.106486001599814
23	54.71729175382583	-17.905144225476167	1.7503742155675435
6	76.99783595630439	-24.416394093686353	1.107255693390113
29	88.46776584734798	-5.8716213885295385	-5.599628719275549
8	54.75822568622515	-12.951709443465125	10.841819440946864
16	80.2390546075085	-20.88369253598457	-3.8912712568630354
15	91.05801865099643	-19.17285896780787	14.692467041389884
22	61.1059000163372	-25.350207319065515	16.66509067145891
28	86.00879503802518	-26.831645181398823	18.815451398412492
4	85.5038795240456	-28.146449347215327	28.990248553958015
2	59.082236609179674	-7.548574322474678	18.084386075371846
11	60.110651096282176	3.0108508102955196	25.324900222434064
12	72.28026717068174	-8.648230650948232	-14.316433623782677
13	73.9173721579577	13.139628373886456	4.499065682754952
1	69.40581182376583	-7.561423058829848	10.71856555691456
14	62.5539988188395	9.8733293961317	4.271997194743836
19	71.11706879073137	-33.00845794972588	10.783463018516601
7	83.90929733545084	4.084731427563085	15.759846479618847
24	80.22817619536687	-12.186418007531666	-5.105065046217049
10	57.156388952555595	-23.404438345175343	7.729004354801742
18	80.89405343604794	1.527445218879922	7.762044142822206
27	66.37997882585344	9.60334718192481	14.787959009815419
21	92.61377018223799	-8.311227508864519	6.114153541683847
9	80.98388631472338	-29.20616672996582	31.717939486010888
