3	-17.1213269758165	14.5102208925455	0.9737913238593863
20	-17.86351538330783	16.227135475097743	-15.272990990990987
17	5.059875176012588	-5.993709682763191	-25.281231342665457
5	4.2993332086295055	8.606543708691857	-24.261716922309517
23	12.82578229952959	-1.0966427633738103	-16.06352384859425
6	5.2850876404494365	-2.431966394279878	-0.9166894790602651
8	-3.2250153026524604	-11.174602471094989	-7.477183291770574
16	16.047967420151917	-3.7106297245355533	-11.275676306397
15	16.265218611344288	3.573802494303873	-21.56580789063437
22	-6.559816074385428	12.098141892752516	7.749915042669723
4	-7.263165965917546	5.453126358089001	-17.716981805328167
2	-3.8743797929727366	-1.622049861495845	-6.263302230645867
11	-6.690542697327533	13.227644499689253	-28.52795251709136
12	14.068633411089184	7.702041988157186	-21.110812309348653
13	-15.2860151167499	6.574012822243217	-20.494113780537184
1	-10.626415243232444	-9.922062631105783	2.158228348816302
14	1.5540882211922644	5.357754514943262	-31.31309093814927
19	4.066183748042459	20.47968174699844	-19.51313833304333
7	10.317424327446773	19.545572206634755	-4.704799306816307
10	-0.9450449417922568	25.02849914267665	-7.099776103239779
18	-23.42155986001465	16.20065866362822	-2.201012208024742
21	-14.929095730408022	31.53269978691501	-7.145773814221452
9	-6.081974119771291	-6.684462232922058	-19.895569966897384
