3	8.70892303992304	4.598412858746192	37.98307006573674
17	-16.98579938763013	-13.40927728107777	27.679072749540726
5	25.97211471708138	-20.575284379704247	27.557596431417704
6	25.326168801313628	-6.614875862068964	19.97096338259442
8	2.285174031190926	-23.321000236294893	35.48590837665407
16	10.18295282875777	-23.40701653268618	28.580504019414526
15	6.885715643026805	-2.9298244825246016	15.957367746861214
4	8.057901240550493	-6.993981100988564	20.63718695483621
2	-14.83814156890212	1.611074680441254	25.0332251794782
11	7.244361866969009	-13.499302059712775	10.151415816326525
12	-0.8508372812372809	-20.258742287342287	39.42368351648353
13	8.600661657629745	-24.08782323780016	20.38434469403563
1	10.828547363299526	4.299560687151465	25.14932489988398
14	2.3934026788479406	-12.739586636729637	40.86652601424591
7	-2.162033029197081	-14.988239598540149	34.053516149635044
10	-0.8865754739336487	4.213640047393363	14.664310900473929
9	-11.403367174037909	-13.934946869615162	12.928192274554851
