31	-19.95551446904307	-5.596117903333116	83.01584661447173
3	-47.346630302117084	2.96346696300761	88.03296187749568
26	-12.361173474801062	1.84732590627763	97.59042387267904
30	-13.732221677893447	10.404264421310472	69.31028952847522
20	-25.15476347555874	18.76127859447831	103.63411856101352
17	-39.34356903648269	10.33610196445276	75.25162909260992
25	-30.64735603296852	10.418301715984327	65.0772532090258
5	-30.88639376223481	6.956876170572986	90.71444241045445
23	-26.55891997273347	5.624017723244717	111.77159154737559
6	-17.374955160893272	4.24425092315808	86.38648760330578
29	-8.089964962459778	9.02637850077464	95.8614573948278
8	-45.92245186060248	3.1972943000590663	105.2055880094507
16	-17.290348786217695	26.238271887235715	89.34117431480031
15	-15.106201980792317	-3.858697779111645	67.15049459783914
22	-29.220238938053097	22.210343821697794	73.2131333988856
28	-27.15159293169748	0.9131334004761028	60.55262204724407
4	-32.88679150401837	15.50813696900115	96.30269276693457
2	-24.40512309907316	1.7142734635112031	73.83374957257267
11	-44.93372116666667	-0.8914286666666664	110.73014016666664
12	-4.948580753075868	1.7931855926848308	91.50395465189757
13	-23.61292526315789	3.417686917293233	93.00211127819549
1	-13.09758790116444	8.760665246615543	77.12310347439173
14	-34.854595965054486	-9.637735837161127	81.82910420607045
19	-14.163774384579652	20.080298653042263	73.34139410125405
7	-13.570014456689181	10.803438322076076	100.56280329422917
24	-41.88438115183246	5.0372863874345555	113.68384882198953
10	-3.797258783305824	10.675579108700779	81.08036760198067
18	-6.91806969360216	-6.362659311001747	86.72455461184316
27	-37.64939314676418	-3.439835188424232	65.54460947686437
21	-26.64041243891086	24.658679369327437	81.2987262043286
9	-35.44129399771246	1.4086972499875674	80.83116803421349
