3	14.270357433348398	33.6625348697093	35.70138785961741
20	8.516139208060808	27.10458591126038	6.705840197984797
17	39.747604845589485	46.518766763350946	6.575472786213956
5	39.924259505703425	40.899440945817496	14.477794557984794
23	30.614384548079453	30.277835506168515	-10.647533992475283
6	40.0560837179145	31.261708226858392	4.149435256874785
8	-1.6363378121805174	28.482253249598372	17.867565064991968
16	36.203176036446465	24.228066332574034	-3.3328306150341693
15	8.2104181893259	55.87862929699599	34.23222659234025
22	8.881401344099022	14.309751631774885	21.78261504617318
4	16.862956631903643	36.15788645710929	12.222600433313746
2	23.042830131541592	17.059398031607834	32.11986353742785
11	8.73855300758511	33.70416263891338	16.547076203916035
12	16.069905261557178	51.42978816909977	40.523760644768856
13	-0.14979914529914518	24.465471358428807	29.877620658301506
1	29.642992438977615	17.29926148535737	18.568853518888847
14	26.102731099824187	50.21195809728462	7.752215569447158
19	36.19454742915323	35.9178155438656	21.183823689122686
7	21.418551296277613	25.482195399979833	30.672084636336127
24	33.04351814491328	40.16999052774018	29.482243572395124
10	18.286349305866548	43.77777071204657	19.06292312285416
18	0.22177944191851656	48.565659178033336	31.802742355353487
21	12.210403996144073	59.01129708176321	33.1207262290772
9	17.772036346594458	25.30595209331389	-0.5953676317433867
