3	91.34793521282475	27.629778551686005	37.970252404643446
5	94.37086039488965	26.309585307781653	52.07053908246225
6	95.66784460469614	15.617614545774337	48.670898513763085
8	85.94613119017896	12.416368393674576	32.59578058676655
16	125.52936101169169	10.801480314960628	50.723733476497266
15	114.34103343750002	20.651790625000004	22.022019531250002
4	112.22014650835176	26.51093449386194	30.31869078285369
2	118.40719243826136	26.53868994208881	51.795022631964315
11	111.92076891769669	5.181870214048838	56.64714516129031
12	119.81558651859504	32.55214940599174	41.41050555268595
13	96.67494717285948	1.9058476575121164	60.004034894991925
1	103.28076575665659	26.443793832153684	36.65994024266937
14	109.49723233794612	34.37039723233794	45.055339985433356
7	100.98910236130213	14.339461944062354	43.866059834938085
10	96.24592135015568	1.1323568736686875	23.11645846305096
9	102.86269672060224	37.0487061521156	42.1225994635286
