3	44.627008134891284	56.28598742789527	5.679023073509836
5	29.24333753071253	81.20289895577395	30.74328593366093
6	23.073494788125988	58.79816077498301	22.66198844323589
8	34.23523781620695	68.43313863084178	23.385709089609833
16	38.75278828333595	78.76763310821423	10.189769436155176
15	36.97212573246274	57.416669010547444	20.84153741838272
4	37.317479929913986	60.62208712965913	12.460637464160564
2	8.91798781913857	66.75888783862797	6.638163418436954
11	11.631679844458846	57.61085693454311	23.53715068049254
12	20.151704457614017	64.37239422829168	-6.341922958000513
13	18.55206169594688	91.66924789044127	9.02011343200996
1	22.883109696706693	72.01737214909107	3.7634904768793094
14	29.29075342657344	51.03126447552448	17.6417434965035
7	32.6928683268928	93.95554486904254	13.406011592958356
10	48.33829223300972	69.72835714285715	2.3127203883495144
9	28.60743575252826	50.242626859012496	13.332724568709102
