3	24.11729385108211	14.99557473240097	23.676514571450898
17	22.094500844643797	10.366639540979788	9.990682006174636
5	8.003244284904593	22.938321934630643	34.56128159833743
6	31.07693688776938	44.76558088441086	10.518645489318036
8	9.4765266321823	4.258693694953167	20.544844121347687
16	32.973163409228285	24.850262845053397	20.975640338504935
15	11.470252557958812	32.16525683201658	20.389744204118635
4	18.589722740963857	30.550389006024105	28.91646882530121
2	7.965344669260701	22.34885758754864	23.406908249027243
11	18.904056750166266	8.09543017069386	26.679120150742637
12	10.150698847262245	8.650762116845689	36.242180508252545
13	18.066957531380755	21.652479288702924	6.968040794979079
1	17.09551308555091	28.30595488600542	13.261866505388168
14	25.688172238045272	40.15453170439215	3.04809668715335
7	0.6323477804439113	19.41266091781644	33.8248396820636
10	-0.2046163988919667	17.697472576177287	21.102042880886422
18	0.4991136747326955	9.470051913337086	28.302575126617892
9	2.655219532144609	10.519019630296087	18.237478324881398
