3	37.6240415249986	-67.05678301098042	22.929203890530072
5	25.245018606348047	-71.1711258664721	9.657423568040862
6	19.08907200861783	-51.55936402055022	37.91337744448126
8	40.73160146904512	-62.805642042672254	42.884541378104245
4	27.957310893261116	-78.64475711249742	22.531845410296828
2	29.520501846575918	-80.29417663817664	35.89501445605149
11	44.786316664933985	-65.11825512007486	35.33812298575735
12	8.969187385892116	-80.60824580912863	24.450518672199173
13	44.366922730682674	-48.26653338334583	29.757925481370343
1	18.609045690623248	-66.15174606962381	25.24297725996631
14	8.158316365294027	-82.36765339614041	17.073318188725118
7	9.937566750278709	-74.74252382943146	35.95467600334449
10	37.81252340873225	-53.74445436612308	18.740361651762225
9	26.810949579831938	-46.385716806722684	19.607335574229687
