3	45.60502141302429	12.108501205953292	-0.43502170715924465
5	52.30119265474117	22.800187114136452	-15.45755548519867
6	63.22613567839197	25.027973869346738	0.6907791685701232
8	57.903245889921386	1.9401888650623467	-4.988535938368677
4	60.50256978758901	7.382391708913558	7.904838670345889
2	33.35663747696976	14.267049528557493	-1.3595578736317329
11	61.526141409558385	13.22970871143376	-12.361318663036904
12	34.034216772927905	14.074938858917772	9.616122609122119
13	56.76540633468836	33.10479132791328	-1.0425652100271003
1	45.972875514942686	12.047680623174296	-7.538124260355031
14	48.59749514411029	27.37975955513785	9.489236842105266
7	33.83681770873192	-3.358028927833473	4.7030531108900275
10	47.927473058252424	-3.542885800970874	-5.41199077669903
9	34.58786132615281	25.692714405923933	-3.40951262201279
