3	5.924343262577693	15.061109065321913	48.2351619561393
20	29.67911411962674	36.21201759216766	65.33040446688084
17	20.74489155555555	38.04916014814815	77.15767037037038
5	19.615333535537356	28.83568840359923	49.66332605398847
6	29.62784894455224	27.786356206268	58.934705591815145
8	9.993253236726455	33.319680484618125	69.1407433186839
16	3.7331954771286617	17.759123693678255	68.3970513962652
15	13.120110909090906	51.222169930069924	47.38859370629369
4	4.430562344782345	23.379410243193856	65.23730045452416
2	4.994869274490137	44.22467489134069	71.46667930458042
11	16.208980262755883	40.15436461961502	47.03915337610754
12	22.40781345885634	18.999053928405388	74.57325871687584
13	19.09450272232305	31.64137819349434	81.08408334496718
1	16.91434586195878	46.877894072535554	55.37228171433136
14	15.856531127450982	23.940016299019604	79.4555555147059
19	0.6362248863814449	16.862920545369064	56.53684265789062
7	14.245179363364892	31.968407840396463	44.65023146324416
10	-4.9148138686131375	34.92473010079944	57.60362460896767
18	3.236174360400445	56.95059037819801	68.32111457174638
9	28.41350270215153	14.568127663913527	61.485574589578874
