3	99.55756731133863	71.52097497155859	109.56319662495258
26	100.80212970261555	73.50174322226204	91.13982467454912
20	86.55506075653574	47.822687746458314	82.95288695779175
17	109.20710021518596	36.02152213341531	74.74211128189364
25	79.8717017392377	61.942447884544215	70.1173347724189
5	83.24742000773497	79.13851682351425	99.57051488977699
23	90.56272098511178	72.31348440382718	110.45885596601883
6	107.2279407530454	76.88797189922481	106.09287984496123
29	111.32912722049215	52.61271856221765	84.9753440940392
8	114.44895821325649	69.83536653458212	101.46878728386166
16	82.48555898366607	74.03877586206897	80.6235381125227
15	92.2907074436536	83.70047123368919	100.99492630486354
22	83.67747793304515	48.802512315270945	70.23952809892431
28	88.26939628949785	56.436264127441994	64.28617313491543
4	118.80515642550382	50.231572293800234	123.53594460962451
2	73.24561888201957	67.53568675940237	88.81830100463678
11	96.18226716402863	63.171856336324225	80.2434509023087
12	108.57276366097106	39.53549602436137	69.30709101674846
13	91.89939397018969	46.65230995934959	63.14051253387534
1	101.27219829414376	47.79069449169991	101.67770379001506
14	112.28976363808265	46.872133591755706	70.94565131889951
19	82.09003188487584	51.70626683596689	86.77099303987963
7	92.46329836633919	33.06136481588484	76.97539743657087
24	112.44630031948883	58.50314847822431	128.59398352110307
10	89.7674807924985	55.33649516031458	131.45596612220206
18	94.57890080036073	67.06769270657196	87.70167872844098
27	96.63181987455417	58.714913442381004	131.0067208953388
21	102.72303020625415	34.946156087824356	97.98590791749834
9	90.00512800453515	69.86374965986393	74.79190544217685
