3	32.384503730750914	21.75434211779648	43.51584680107954
5	-0.9475982075471695	24.219162924528305	54.172006792452834
6	-2.8838835616438354	52.5471201743462	46.02555740971357
8	23.665632099333177	36.64650747298229	24.590944010117273
4	16.717706282482418	48.759172577193524	50.344213925405086
2	0.3454322605888682	24.06991127848968	32.63762828915191
11	19.222640169133193	36.271198308668076	26.758217864693446
12	31.071937773882553	27.643882934768996	45.646401277075235
1	3.851841683584686	34.84624387325987	25.90855329176333
7	10.950242479159117	27.80851486045669	55.94642968466837
10	14.707041056980545	33.59618660698915	28.12682535720434
9	28.053660168195716	22.59973528287461	36.12391437308868
