3	5.234866870029415	14.526869702581982	12.28034143152849
5	9.195254733376016	29.600273392481476	23.565958565809932
6	21.37031277372263	26.82567372262773	28.94142627737226
8	16.046936804191226	1.7021990831696137	11.46493811394892
4	1.6717886609817931	30.976796266420823	13.995082507490203
2	11.292123536078574	17.532935083742608	21.8987048860345
11	16.467985742118312	12.772118845200142	0.9216322174991142
12	21.819611971945847	12.2740200619801	21.16693459468276
13	2.8729108926342075	10.164724406991262	-0.35149235330836465
1	11.202548836053351	18.673133418937965	5.331432275702094
7	26.279869335400672	22.304157516385942	20.35415645922899
10	16.059729880369762	32.040312262098965	17.279533849918433
9	20.550257416033343	22.9336225790635	35.16511473400344
