3	78.07889988009593	-10.721431294964031	-18.428101318944847
20	103.78036271529888	8.047381531335937	-0.8964540454479664
17	102.5449930463238	2.4688389405869713	-29.12133868493711
5	77.83160140307756	-13.805882991525205	-25.298146119773666
6	66.55814213197971	-14.183988832487312	-14.41113604060914
8	65.35942487235593	0.5987203683442743	-14.581515681983955
16	90.77915135553837	-8.743701006971339	-36.45976467854376
15	97.3022546728972	-23.934306723779855	-8.400196002076841
4	103.45229033520282	6.380669623059868	-16.80081622538151
2	88.95970665371539	-18.664772705196693	-17.29882165020776
11	102.09575221641283	-16.355655717208457	-15.50456353716754
12	72.98884788956731	-14.858618662065306	-3.1416969737191405
13	91.69695081405315	-24.031804284490153	-21.232293573264787
1	76.62489850968703	2.3723497764530554	-13.099280327868854
14	95.09105096534358	8.506194147979375	-11.239112483511212
19	99.98513695008461	-14.009846235194587	-7.845436759729274
7	85.80481733021081	8.62489461358314	-24.58395054945055
10	74.67506608569353	-1.96317327523602	-0.635280464778504
18	104.7337434809928	2.5003520263901984	-7.240930568645932
9	78.11177028301887	-19.336083018867924	-29.137627672955972
