3	29.40137923054671	54.63377668498697	29.717847121781883
5	7.183783710407241	62.72268904977376	24.349029683257914
6	9.534599104329077	73.2520071321944	30.697556477027693
8	13.56554350161117	81.01531179990793	13.584178763234618
15	27.841383952378006	77.35138767284678	17.476994605320275
4	16.68237823990356	100.89381555153706	26.78706705846896
2	32.70399489108727	89.95773679810509	15.271823324508848
11	6.697176321993938	86.99854563826204	22.08608858201415
12	13.737625076377851	73.80217878528656	36.86084174508126
13	34.87077575277338	94.14883819334388	25.427585103011094
1	29.081133550488598	76.75054276592532	30.455010375994984
14	41.240431921736786	72.89495296167246	31.629394130259982
7	11.7415504306437	59.131465775158645	16.39904907071623
10	16.41347236484446	57.07715493808517	6.368599214738749
9	40.400857364156344	69.68030648236416	42.059398117254524
