31	36.49730659389952	37.64688038277511	3.707395484449759
3	15.463354520055876	42.249018758730784	9.784426860906006
26	8.813970353796677	48.778123479233685	-11.519620053139423
38	66.43382787286065	46.851317359413216	7.061883781581093
30	76.69829586776858	39.22148746556474	18.684543250688705
20	15.702625483984503	45.221549736008434	-26.05653959873283
17	21.936032135269127	56.72097822237959	11.57522353045326
25	23.77375697731353	32.47069544638485	12.834455361514607
5	24.64136638388123	59.95171014492754	-6.365791622481442
23	67.21212200499778	82.07634528884313	16.48273702778186
6	31.565532111415795	44.87644458074758	12.316776663299178
29	37.90671524926686	76.66521304985339	-6.016601906158358
8	65.33203932522729	50.803719684521845	12.713282068134514
16	7.111503748614643	41.62493852271986	0.016439468022686993
15	48.190169669407034	71.83811098478223	-3.2318515829980754
43	28.389864074443338	51.30953057494183	13.089426221335994
45	42.39292123921086	79.13880240443896	10.47557922318126
22	28.583746709033132	63.4982486382206	18.00656128007263
28	74.26298205591877	75.20897301432743	29.252431840311587
4	62.55615746383503	70.29923293321019	38.30059532163743
2	50.477083627401555	53.06660382008626	13.882438021621017
11	81.13202110102557	54.77315707886363	16.27444005658376
40	77.88747834369359	72.65056988169239	22.664320132344095
12	24.868925547716312	36.05339119940587	-16.851282305978472
13	15.83417195931004	49.34136187527642	-20.182025033171165
1	23.752123176089544	58.127443029855996	-16.917869512234233
32	50.234687157828866	80.21662740497418	20.79070702330674
42	54.62410612826604	70.27517235154396	-1.0480578622327794
14	71.28327506139762	47.41293871399864	44.48077868943961
35	36.678259265428494	71.30580111601566	19.701321479137174
19	78.5722677421637	54.441841151913955	28.9582067501592
7	72.89465883390808	29.204064159114598	35.88570398588499
44	37.264044383963146	62.856037475138706	-14.189364911546107
41	69.33494105102818	78.42423427265803	6.642622086824067
24	42.831586894105726	71.23562084107414	20.13102786691437
10	58.304873616236144	59.63011942301242	40.64302155317007
18	54.40226969775253	38.67133492637562	34.227534358047016
39	57.7733791057734	81.63121371726234	1.6015663435103458
34	44.439484675242184	78.42919136096553	15.992266476099731
27	59.16708702702702	83.88017567567566	10.96637189189189
36	59.79740522600358	33.25068433252556	27.846370877673582
33	49.32405585186676	85.26476501962361	2.0827017208413
21	34.46388198653198	37.16874158249158	13.353100168350165
37	32.53889802743839	38.093017063681664	-12.064720565149138
9	62.2925990229237	38.794335682074404	19.560252724539644
