3	14.426899525166188	9.869883570750238	25.356119658119653
26	58.538794583414116	30.729126753280333	21.67270027793937
20	18.816453998167784	3.076872595210051	18.39020553592462
17	43.91689886219975	35.4611373261694	-5.984535240202275
25	56.97417136758651	8.982139045586218	6.597985973471567
5	6.773467526485488	6.29434162444342	12.964504682941806
23	25.499599615938553	36.29608065290446	29.068790206433025
6	41.621131048914464	7.244037405179176	41.36403374313367
8	1.8925393019726857	5.135125037936266	28.71458528072837
16	34.23481793671066	10.32559344401873	33.16704569320278
15	49.58737186799755	6.033001375025463	36.50941006314931
22	49.678814713482296	36.64964249886001	1.536140750873993
28	18.143260045709525	28.134168141838067	23.649119343444827
4	32.24861799386206	9.146875464383783	5.1055858504280405
2	15.94399950445986	18.249819375619424	10.157535183349848
11	30.39073012188044	34.738355678080865	16.741642677500487
12	56.787906945119	31.647399320058277	12.040613501699855
13	-0.026317054338384407	14.638044011195829	31.584095164559407
1	50.36151051079316	21.513121580070287	20.407113547941776
14	47.7604145264191	25.580355799116635	-0.5007593652870931
19	32.6138810895757	32.8574521564519	27.05528985507247
7	14.104922553286467	-0.7062519808057135	26.058853476174534
24	61.084699670145454	21.929227058887143	18.280655274968915
10	43.47724257915569	28.91617917216359	11.382687994722959
18	38.89111416166517	1.9251605158983531	11.331561103307367
27	58.84670803613885	18.734280710096684	14.190929307338719
21	32.02012977099236	17.486603787433936	32.26461890780975
9	48.88569023278728	2.2844469762285993	26.708981155314696
