3	21.495217575618696	54.77789252978918	16.62209326306141
5	29.839979261781323	34.23794204132167	16.72507931594831
6	40.517322178871545	28.458945828331334	26.906117346938778
8	13.187550683772734	46.72026392217679	7.640332440434231
4	21.197841435863108	27.702055811229176	33.43891021671826
2	28.262766147289913	24.931979691037427	41.21745871620722
1	23.054880945240807	63.42356036706053	28.371486355185027
7	27.138997340009382	59.14372336097635	19.12465138475982
10	32.758808940397344	29.874752759381895	25.905877593818982
9	10.673238147739802	37.13847771302567	29.82664025830839
