3	21.228084807022068	-2.6331243061830376	28.12454343616883
5	25.936446676970633	14.917912055641422	3.2111625965996904
6	24.630816891004596	10.280786523309258	37.212014609323695
8	29.459069764431785	7.312542065752008	42.02633833807921
16	-1.3983981974600572	18.528838590741497	1.6634626519186124
15	15.818696913864578	1.3758873023184401	15.871401965300167
4	15.926972999552975	18.721801698703622	-0.8474682163611981
2	8.235163077525447	21.13476057165231	22.643094557556775
11	1.9562861054072551	8.565404859685145	9.099501540041068
12	28.54741639173468	11.714866122590728	-1.0041701684320194
13	41.30242490640828	8.915408059898704	33.272007597445494
1	18.210828557051794	11.283496693343565	22.124564791297267
14	6.185378961340634	11.16871362203418	14.156818981251035
7	7.441716567712751	13.613006785411365	0.2681082838563754
10	18.27480426356589	-5.702522609819121	20.195461627906973
9	37.85362982315113	14.403800911039657	18.410737272240084
