3	26.526497315968818	88.7983281519862	145.92675050179713
26	50.260660565422256	85.52746165277276	146.27425407756436
20	27.62739374151968	87.94120318860243	137.02775517299864
17	52.27025411140583	99.44351183023872	130.00055342175065
25	35.071803864734306	87.35446674718197	131.95541215781
5	35.32528020369192	72.26205703373648	126.4765396562699
23	41.284871898645086	71.39666971669891	132.6637154671828
6	34.85782303222398	76.63503134354642	163.485048776193
8	15.487370346539203	73.21681799797776	129.30106140270243
16	44.77496810134309	101.14965247252748	131.2126787240537
15	48.17571381480372	67.47454854659873	145.37108870242736
22	32.08460036088055	88.44898469866476	128.32753013352578
28	46.78732023892882	86.37694233984485	122.34958303205244
4	29.718799901706102	93.23150782840695	109.61620592571789
2	68.08374660873254	72.59417602797797	131.59307905892328
11	28.203846116878122	63.44126518646674	143.50180074971166
12	37.54982756090402	78.304490901086	155.47136513061344
13	27.177655571827984	87.4421238183997	103.3134139262415
1	13.518711504647078	79.84155463451395	127.71071514694803
14	61.1573365099534	90.82942894959766	128.2702290343075
19	68.1250647054561	81.65356111875948	140.62634352583143
7	41.66831725288475	95.26476880300294	142.48800681217855
24	28.188927044494157	66.99367567735521	136.54852174993786
10	15.756281757806978	90.89159460223259	149.1532075738307
18	33.75183147911727	78.04930822542404	106.55851687032647
27	40.11662730579613	79.35406376830323	139.47570267924738
21	26.68890998972779	71.13178755778122	159.20979603235753
9	66.6673445666143	83.18300528344996	123.3963759817221
