3	26.97244342007435	110.6169131598513	11.49746096654275
26	4.006004143188597	84.72170571308041	7.635038689848436
20	35.07244608543751	105.21166380816263	8.404219946006036
17	30.402665911664783	80.08734395728845	28.381818799547
25	8.980390326097728	85.89931341064526	19.82260729507384
5	34.45122506393863	92.85142058382576	8.586575623952728
23	2.6966149796602052	92.10803565446278	6.322507896625986
6	34.10721933246641	84.89864253720559	0.5196920965178442
8	22.225108476743564	103.1117786243273	-0.8870217379721883
16	19.804197851387638	83.77601846463742	28.947262421665176
15	46.13792211148024	83.30662292358804	6.304722775932079
22	6.459820663300122	79.00913852872935	-7.484788726627543
4	39.18922386113907	82.22949901292512	13.652235631541705
2	33.9911218423217	73.40181835272001	-14.732584420162143
11	38.46610971786834	70.26525982638053	-8.024910658307212
12	10.61912293729373	93.80921628948609	-15.131903818953326
13	30.86497784655481	70.51240039094314	8.61444762990715
1	45.168224643755245	93.64766353730093	-14.788298323554065
14	23.920110057667877	99.46011689961881	29.011392630241424
19	5.70911577015389	67.16342016094875	-6.240614146548073
7	15.406362304687494	87.92446972656248	35.55287076822916
24	47.169220267728726	91.27989689124904	-3.188724084522624
10	26.34522558037668	82.85258612571175	7.007722623740692
18	40.294427973273955	90.84654948775058	7.0611890423162595
21	18.688057862919052	104.68604043338308	26.24552194394284
9	15.897567940552014	61.43532245222931	3.6932430997876864
