3	21.668709315517457	-32.43069923106013	19.998551493760242
17	52.12027486282578	-17.840909979423866	33.38598148148148
5	39.285963952282145	-38.77663913381741	20.55318205394191
6	33.259471568327726	-43.32756481198411	25.01895353103026
8	46.476983186180405	-14.982700345489443	44.70419915547027
16	52.66944575569357	-28.484246790890264	25.08969886128365
15	37.27490092286262	-11.771616402577052	47.41315410064427
4	39.45559406555849	-37.27736072704675	50.02275159235669
2	34.83161379196569	-15.440160273859606	40.089767136847314
11	41.507056074766346	-49.058665727819736	23.93514389962872
12	34.2198795240456	-37.37054404230706	15.587080152040983
13	29.723016076255515	-41.31648598662683	14.778299473609332
1	20.884666074600354	-26.701777690941384	52.10469513321491
14	43.2503261971831	-18.588784366197185	40.2411976056338
19	33.915532892561984	-44.184687438016525	11.693401652892561
7	15.977928236350936	-37.322773330671716	44.4967396945803
10	42.96811035007611	-42.05445180111619	39.428396499238964
18	43.87198346979761	-39.76434867912868	14.230955353004788
9	23.856824354243543	-23.869699040590405	25.779147011070112
