31	-2.837929300989467	-53.2461631024577	36.80150462815194
3	10.013963387491652	-42.76918261740484	22.11253627865568
26	12.324487415631115	-79.90152652494798	9.59616274522172
30	9.994228950197064	-76.03039340738086	-7.488951451092799
20	28.89733528404225	-44.113189694547536	0.3010813588352841
17	16.815372032069074	-46.230168670983645	24.364215695343816
25	3.2922030264817153	-57.57946437578814	18.088682849936948
5	21.16623557692308	-21.232169444444445	9.005068002136754
23	8.12905959091641	-59.777591882750855	35.72970832662264
6	22.87699231588558	-59.997678332318934	-1.6604939135727332
29	28.00961962544715	-57.350791891702336	-7.464713193518971
8	23.560017318900915	-22.353976519567027	-3.171877768526228
16	20.093701949436493	-63.41099375571124	2.675920347243375
15	9.246886265145484	-68.24736862120811	20.13553533209516
22	-2.5459911904761903	-72.21143773809524	-0.4516609523809524
28	8.434396558787386	-71.62169746005738	15.478448279393692
4	13.520738548801368	-66.68754944349313	30.89270344606163
2	13.578087838129338	-29.39017011087621	11.199110423227921
11	7.435482463351144	-26.16918358679271	4.5003877243458
12	20.16052840520192	-66.84899232423973	10.548409797594601
13	30.57263210740072	-43.84408201714801	-10.14481351534296
1	20.802991492421068	-36.837774489245696	-15.320000718950332
32	14.731569992498123	-75.54628912228057	-5.945264066016505
14	20.368181396023804	-77.20026113771588	-0.2722067189087215
19	20.29715127487562	-34.57921004353234	17.50179291044776
7	10.668775548498846	-56.11689816685914	18.58853377598152
24	25.10064275774092	-36.965029108199005	10.158019714716454
10	28.394041116821775	-55.34194471454367	11.701493957494097
18	30.308184914407985	-41.294268901569176	11.676431704707563
27	13.875922071806949	-28.042165391406716	-8.384850971159505
21	15.580370905635847	-38.646567985197784	7.399333850077512
9	4.809052475979305	-67.08706676521311	-5.405245627001724
