3	-1.2290130646938453	2.840715646151425	37.22037368172516
20	26.76856842975207	-8.282324628099172	1.1187229752066115
17	38.55089086679478	17.973283402447663	14.954428643673513
5	36.1553345665962	-4.899480311839323	34.13197304439746
23	16.752681207180643	13.855727864018736	35.39715159136243
6	-8.9777481853117	26.732699295473957	22.25716076003416
8	9.426955017559596	23.382432862586874	40.42152738548905
16	29.653287616320682	20.927633070866136	12.507328131710809
15	16.889912867729617	-1.118106557377049	27.428946777453397
22	21.26687040475306	-16.207126748359943	17.212823121673477
4	10.550865825355382	11.021533507397738	15.306964461850884
2	41.33198478831529	6.762998586524869	30.220776065154492
11	4.557153233063376	28.922198740197974	21.03072425761666
12	-15.955620899560362	30.644307067974292	27.86835407507609
13	33.5885366714813	15.199607928101429	26.945938131921043
1	-16.480513879798245	7.387720324952834	29.391561583182526
14	38.620080583906955	-18.595367552812725	17.472757773558037
19	44.14919104655114	10.149258409785933	12.817766989466534
7	16.455587750294463	19.313158068315666	18.402917196702003
10	30.674444370530516	15.924361383668716	35.340945368368544
18	35.87253720032062	-7.97387131093784	-1.1777937040005828
21	33.03128614328615	8.16008515658516	3.8856436078936083
9	22.616905953605297	-10.276059650325676	30.252688378471028
