3	20.322708058823537	6.488270352941178	53.83095382352943
26	19.95384578183772	-4.805783628873366	66.3437562242522
20	15.000535658985338	-3.9579160214955835	79.771175061481
17	42.12149700761698	10.298389689880304	77.39931501632209
25	7.396046329392356	-7.934931536981028	39.50137654660434
5	4.128037282257428	7.445346181130291	74.74460203357769
23	10.848774647887323	12.056411932267764	65.58050197816108
6	26.10886268443598	18.49470744090116	78.66917737585275
8	45.37953005531654	1.2838913952059003	72.47047990165952
16	11.26873036649215	-11.766156930283827	62.73169661063656
15	38.04029356176077	8.61698335568833	71.22382325326178
22	27.243595749295174	-2.1343171763175013	65.969251247018
4	-3.886203237543624	-8.134481473230862	69.91600512363554
2	21.901232545971002	-13.269044177007029	81.29907564658393
11	14.760639986641436	-6.637240899476789	85.01174663252812
12	20.43232352664724	-2.2421050850643858	91.81281332832035
13	36.2590942216981	0.31420530660377344	97.1797047169811
1	38.57863399031812	17.03673374827109	87.10263272245275
14	15.934562519537353	-12.114288683963736	53.490305095342286
19	53.893103279490944	4.401398759993475	92.26700930004894
7	24.746078259862127	8.68021740137867	67.12695655448066
24	51.81323275720165	-3.547488724279836	86.6485234567901
10	48.89949148755055	-2.715675782081294	60.74971876995106
18	-7.660344658643095	-5.743331984236873	60.24048780487804
27	43.28227956656347	-11.34027291021672	79.28262879256967
21	-1.4023823853615516	2.8977298280423276	51.80185471781304
9	18.561268779584275	-4.466791109281744	30.76129851821362
