31	-30.686329499626577	-33.154482150858854	63.267608215085886
3	-14.737792888710326	-64.17322488951385	17.743592707914825
26	-31.888607449510214	-19.129273551820052	46.99801390736485
30	-14.174238485457577	-19.855859523441403	55.685175161916554
20	-40.99906588809483	-29.883381035384346	59.20720690256232
17	-14.14896804219671	-33.90888907849829	63.72812519391871
25	-18.467385131847813	-56.9256021212416	41.93109740196555
5	0.6569794492812311	-80.0075085037457	31.60889623405547
23	4.05664276416992	-1.990314637321027	49.626359602413906
6	-18.049441632231403	-42.69288997933884	29.651409951790626
29	-4.720005921831818	-62.318956704829596	41.7019926306093
8	-11.100898032615634	-57.07772566885265	42.04822540769543
16	-6.885021664204827	-46.90197603807649	60.11873198752667
15	-27.765059992429975	-41.019088821599794	50.05648290436538
22	20.421382594417075	-34.13371187739464	17.49996912972085
28	-8.379913243509694	-10.050833388103845	66.94760400920146
4	-4.481439078156314	-26.1757193720775	14.496024315297266
2	-10.755315014367813	-35.417934626436775	21.95696875
11	-14.82086832740214	-52.094381837353374	59.93965164096481
12	7.634605282331509	-54.25078943533696	30.42179344262295
13	1.3592880996554466	-27.3545198780811	39.58269387755101
1	-0.8357598394863566	-32.83262988764046	31.175067447833076
32	-1.483375398589236	-49.82327635520342	50.160500628080015
14	-27.865213206732836	-25.401883254208027	46.10824115235217
19	-36.38435079385735	-17.687251236335243	64.4912986074961
7	-20.510373095717156	-39.448088387467656	23.572976286289165
24	-27.09960540334855	-31.576360350076104	39.49168340943684
10	-23.0864647810219	-38.905152554744525	34.58691806569343
18	-23.396723114777824	-80.06257200752643	29.751780720798962
34	-13.352262865090404	-53.76507983310154	18.05490709318498
27	20.69839072	-48.37812336	37.876964
33	0.5863190086782377	-63.47634646194927	40.73115837783712
21	23.8555153323388	-44.22909481186806	31.923796121332668
9	-27.087061098159023	-41.727024760832855	40.934714526891234
