3	69.84070337078651	-36.646402528089894	40.06591882022472
26	102.83165738840432	5.569518471010776	40.236686505900465
20	95.14613050314468	-42.7559653105346	66.17678183962265
17	82.4707346221441	-22.7638000251067	56.57796208887775
25	99.7674989458018	-30.905718715118446	18.614207987101576
5	92.93039293616323	-26.084578628206174	27.296988281570105
23	98.53959933311822	2.7692295364095942	44.44743863611918
6	97.80038728010827	-38.41143795669824	52.929045805142074
8	75.20094998335551	-28.53721554593875	32.560783288948066
16	114.65631056563501	-14.495909996442546	44.02605312462943
15	115.5630212477396	3.605762206148282	42.09194371609402
22	90.74953985397019	-36.28951931852753	19.438022056586554
4	89.9617590782123	-47.61592311452514	35.53666689944134
2	91.68543329784973	-14.237266467958273	44.47262371726635
11	115.96600915646103	-8.569468696348862	39.7378601350578
12	93.0251485175949	-46.57825505680244	48.37331393737876
13	91.99273293439717	-16.568726174645388	61.5911884973404
1	94.07551085389069	-23.71534253686861	41.826413447672536
14	111.163771862069	-25.488183448275862	39.12595931034484
19	111.06598634399307	5.0410708729472775	50.26199965427829
7	110.87499444301956	-5.286145678379073	58.38022390356502
24	111.43754009520326	-17.390024533138043	65.69700018308312
10	96.78588636763412	-8.180056112576958	44.76595971855761
18	74.79763624322696	-38.61511366646597	31.84054617700181
21	83.89997031823746	-41.89401943084456	58.88937851897184
9	84.43633351446816	-33.00196399945659	70.26594416519494
