3	18.821273297991073	8.856701102120535	34.86173507254462
20	45.47698675835833	2.484865974101982	59.32687021727997
17	37.94216344971724	13.816985738873866	48.215587349397595
5	16.458838573078406	15.386376748363917	40.369331707943026
6	49.44020128755364	19.81181516452075	61.70288912732474
8	32.04965203198956	26.07744687448996	45.717157662803984
16	58.37099829059829	-0.6135313390313389	29.7295943019943
15	50.50028081936684	33.75155687150838	29.58438063314712
4	67.59851629481074	20.125941965404863	35.685440210579095
2	23.42195512210593	16.550447668886775	49.669794481446246
11	41.449072419106315	2.7879748330765284	19.31332460195172
12	36.91742578125	3.0161476332720585	41.056929687499995
13	62.95878629550321	10.897324625267666	58.57534089935761
1	42.57721873210444	21.22745117704416	44.15084219405366
14	52.68299650933373	-2.0886299893762326	34.61439535589619
19	35.029706377121904	25.761166080440447	52.03221822908703
7	66.63258417068134	6.874767240192703	49.481939986235375
10	57.87459643916915	18.13262773131913	17.48286862692204
18	36.213382699868944	4.25558784247644	30.513977345066472
21	40.523107673742516	28.178097745598162	30.17116658438923
9	64.6525799563591	15.557061564837905	43.524320448877816
