3	17.256999999999994	62.42286280991736	31.815287713498627
5	43.54623867069487	53.31425811933535	-3.7735503524672698
6	58.5413200798838	68.6325290486565	6.82883551198257
8	28.549542600896864	75.14987940669197	16.877788961710937
4	7.878747454581753	66.29323757236972	20.749046017169093
2	53.89704679444811	74.7031896893589	17.409450892267014
11	34.843604208283395	58.00900079904116	32.35623278732189
12	59.460665147679336	52.1630511392405	9.819435611814347
1	33.383502048620585	62.8548298582658	9.924515129442467
7	7.244313028225164	58.09081773241906	17.340421304417156
10	36.83230508667883	66.91521669708028	25.309987796532845
9	60.58150414201184	57.4548449704142	1.0439239222316148
