3	6.226266137416123	88.37395132785178	38.0314302995936
5	-7.9599060027285145	113.51095607094135	36.597276671214196
6	19.94482490678598	99.74546323639075	49.544441163310964
8	17.145733963047537	94.27092754826657	35.82962196387793
4	17.583061523276854	104.56509491692714	43.19354877446949
2	0.9137039882314479	95.34060706113105	28.045079274272638
11	-10.599024047112708	97.45763896613771	34.903691477179784
12	14.532978917711066	105.63089973768577	57.26419644418536
1	1.61904652369166	107.34804078789408	42.22655567577183
7	11.577854184808904	110.53381693275276	48.70387798742138
10	16.6387427999652	116.71199712868706	57.45088149308273
9	-13.691654855247286	105.76770446320869	41.93243199638119
