3	33.357513109341625	49.23518265682658	2.0547645173820164
20	19.171447072660744	40.71140669106116	13.938077104025087
17	32.36138744173294	37.792980440544746	30.320158760625173
5	43.01113762297261	35.02984195692634	7.745496729593191
23	27.20601764211705	14.461183982077848	1.887888546625595
6	36.92882425353587	18.776537716081712	4.653130434782608
8	18.651547334976005	35.815980871482324	20.782658539748414
16	17.43982946464511	21.169187709647126	27.939361733530124
15	39.67230831621065	23.783438953174006	27.054477344003455
22	42.97743152736183	24.107029267628644	11.80944745439695
4	31.5680037614186	32.03285652874798	8.782413648576034
2	19.453575210084033	8.860389355742296	15.684760364145658
11	36.314650827266725	56.28367637326275	22.846752746525485
12	42.80391768826621	32.0262992410975	16.594013543490956
13	44.23459703196347	50.89360316780822	-1.1507060502283104
1	31.263263251099172	37.08659110893992	19.831146586467995
14	40.41867799133731	61.931445993502976	9.483338927991337
19	51.83765577043047	37.80704491578292	13.460318777292583
7	30.29692846607669	22.25802538102261	23.454241519174044
10	10.63904717853839	20.450458911501702	16.28445444033303
18	30.246424275138796	56.11567674275139	25.420526372609498
21	18.248532074495603	32.99913282462493	7.962344024831867
9	50.11478681506852	55.544150996264015	18.139646404109584
