3	40.58569677790564	-10.26283066743383	-4.046446490218641
17	35.103262054837685	-8.073106366214938	6.8832948313898505
5	24.62575482039738	17.77604012919644	19.02905970441421
6	33.3068509589771	-6.937452983484284	19.45634083644113
8	19.629236847389556	5.598598092369479	19.46497560240964
16	37.97143372781064	2.755827218934911	-5.059213165680473
15	49.16226502557545	17.99602717391305	6.781839833759591
4	32.1071627757205	11.37131057800676	24.405207213009177
2	29.043557059509915	4.195291131855311	1.4823989498249708
11	42.26467689126314	-4.589612097191108	-12.825419610546268
12	53.404943682016864	15.250652841313407	20.370039849547627
13	48.6506248940139	10.241125148380533	17.234303035441748
1	44.449300090317685	4.379502480463894	14.30725698653089
14	59.20846021867115	-18.851829268292683	-2.505802186711522
7	37.64664929686826	14.0491384695022	-0.5471705633681304
10	34.62976548777594	-6.362979705672917	24.72329147875623
9	51.35286677966102	8.385131016949153	-9.606872372881357
