31	-22.069182741627273	-17.869003821784165	-20.89623664889872
3	-16.065152238544947	-2.1968798530954885	-11.878046257432665
26	-16.845468058191017	-4.402900695762176	-23.409134882985448
30	-19.04447871664549	-20.14797363405337	-51.636748570520965
20	-1.3481292127521143	-16.285637996096288	-25.556577098243324
17	2.0675610751800377	0.27293881014632354	-47.53489431677446
25	3.016804943357364	-12.073687641606593	-33.52795633367663
5	-20.66169495199753	0.13484409149227977	-41.6586835375835
23	4.267027932385073	-5.501730983302412	-30.489756441970723
6	19.808922560335784	17.853619937040925	-10.702327387198322
29	-12.703776662731206	-24.64047353404172	-39.40707752853209
8	-7.967443642921552	-3.566666237279403	-5.546781914208423
16	1.1932392426850258	14.19101674229385	-4.780550930996713
15	4.999976424936853	14.365023099169019	-36.137788373540296
22	-15.016007932310947	9.275684294024325	-30.466093707033323
28	14.91609163484901	6.956318465810484	-38.36244047205831
4	19.053004781521263	-1.1235909960276593	-22.262803074885984
2	-4.2710907308434285	5.670300970873785	-37.95623326270517
11	-11.163803390739126	8.923595791730882	-21.75583689606647
12	-0.7526839608943956	15.39628032136289	-12.838866034265802
13	-2.203089675408032	-9.807896937465614	-49.49107537135523
1	-0.02122342469909967	3.372119045210884	-10.99959869862783
32	-19.49832702724553	3.43603638127577	-38.677665858193876
14	-9.743407518387361	25.388861754290385	-48.928073140833575
19	-12.656056687194061	-17.996954997631452	-13.313628927838307
7	-3.8955283018867943	-3.232726395149388	-32.93557381626711
24	18.044145865434007	-3.441430576956001	-32.38506642698168
10	23.15923064770932	0.5653176073531525	-13.622453611948876
18	-23.158538609752487	14.439748184378242	-40.335594486438424
34	-28.274939575317084	-17.14090252244549	-49.20271170015676
27	-9.61323496306718	6.231121702427013	-11.401647555399228
33	12.286428548282567	2.6505403434867145	-1.2467804601425791
21	-26.143427553269643	9.295030271858927	-45.96148581925055
9	4.548261766328565	5.752767389551414	-30.463772439842135
