31	-14.19631857555342	12.05109995875155	19.3147593840231
3	-6.713152240028072	22.589942040004676	6.257833781728856
26	25.79964263666235	6.173654186995917	15.184431046500054
30	-1.1243807371840133	4.485245445558537	-5.911409970343173
20	7.247796529968452	14.492816684192073	34.42546924290221
17	3.979155423280423	-20.54560185185185	25.68314427437642
25	17.495706127206127	21.315604895104894	18.266850649350644
5	13.699154569754294	-12.504338696412049	24.660560398889693
23	-7.689870872947277	-23.92365168539326	11.198256179775282
6	7.342820362212431	19.528560939794417	5.550883504650025
29	16.11482947462155	1.1382569011576136	-10.243037102997924
8	0.5603778051787919	-12.63712300863132	-1.5817664118372374
16	19.34553759049564	4.334282903285687	15.120094857991463
15	17.971172399946465	-8.775928992102795	18.69388729755053
22	24.85835319894829	-8.099453286590713	12.899227344434712
28	22.024413530877148	-9.843796643503344	32.678826930641144
4	11.113371828133896	-17.73471068784408	13.980667088527499
2	1.5336885107579807	4.586592931139549	1.5838746074157408
11	-11.93463960128751	8.044510019727962	1.449591527359568
12	25.424558956393476	2.6006162072462433	31.617466027473036
13	-8.413691789928535	13.08336787435599	10.451280122984874
1	-1.893657317311177	-4.419946357375858	21.575391278891452
32	-11.282824871435253	4.239807854137447	-12.28941505376344
14	27.866748308525032	-7.691166054513821	4.384929441329984
35	14.274017509727624	-12.211546173800262	-3.6415368352788584
19	-15.545846865133063	-9.728339873703206	17.73847857465043
7	-10.421780232968585	5.634084927638544	12.861350864807623
24	25.540624850179782	-2.510120522040219	-3.8783992542282593
10	-9.339489782886336	7.656896551724138	26.646850095785435
18	11.981446316133782	19.741795159048166	16.30906263799166
34	-6.514579968834112	-1.8986420172829006	33.16239679841338
27	16.56981071049841	16.764761930010607	6.240350300459527
36	-15.992382984433712	-16.79682541599571	14.666208400429417
33	0.6210120863549221	-2.947639326498291	-7.812472618154539
21	-15.515611326609774	-10.92528607447634	-2.79567348719938
37	-7.612116860090265	-18.767181173436494	-3.1354921018697617
9	-6.624239985366747	20.966548564111942	22.864045180171946
