31	-29.539454782173262	28.104471807711562	75.4292178267401
3	-3.2718801850799566	28.684206834970364	104.5680957869957
26	-15.293538430956799	38.47816547398181	53.67970045940454
38	-8.08335494475616	33.61989050102577	37.259423017030436
30	12.311390166997548	20.02767394604695	33.50188041574216
20	-17.657541875401407	47.64684566473987	100.00152222222219
17	-21.307221527777774	34.875219146825394	78.17255773809526
25	-22.241009468400634	55.78126123659595	79.69709171800136
5	-24.616578373306755	34.10709540843254	94.30325367970443
23	1.0482334223371144	44.163916325107564	76.60898370720587
6	-14.028874751491054	50.038402385685885	59.97511756129889
29	-12.800506368028108	55.62371299956084	89.76685924462012
8	14.401597890199636	27.78202450090744	65.18569646098004
16	20.560195919638684	30.798843638062603	55.280130665005444
15	7.2162006188118815	29.959898391089112	95.81958230198022
43	-10.060747626957761	38.76252740863788	76.3548704318937
45	-9.823236730215333	36.90295528734055	83.84582937868605
22	15.661325977011488	27.793072337164745	34.60263203065134
28	-23.430056973795438	26.377646661031278	63.754966356720196
4	-3.0284485087810453	29.602913956146736	62.20016897017562
2	12.938891959212267	34.20819062816222	75.34569230170467
11	5.5728914821124365	60.745600170357754	33.150910902896086
40	-10.217898381533562	25.58478469089944	69.69298209074023
12	2.626738946137543	30.456643645399392	76.01234239567349
13	-30.28171418322692	45.53439393069804	86.76503716191979
1	4.030940321609768	40.6619441052541	62.83978166652334
32	-11.718551925320883	43.70997769998703	36.07810501750291
42	3.294038296599182	52.36452144210633	93.74030333100629
14	-15.549226330027055	26.55238903917444	81.85625077647532
35	-23.86093475634313	17.408694563028597	81.57097060008051
19	-4.452082588774341	19.098164146620846	59.578972852233676
7	-1.2622850963024004	23.234321145329076	68.9297456998661
44	-26.17654270822252	47.809257100308464	74.0009629826614
41	5.673212908242611	38.116484136858475	98.70604712286156
24	0.6235552493799944	20.89908606595022	51.84142922751907
10	-3.18626124007095	56.29879239608237	59.7180119148608
18	-23.264833745814528	47.69954200029118	61.87173183869559
39	-11.35200641881483	29.561533891342297	51.37342420663449
34	9.363260757203772	12.52619304819744	46.06221100917431
27	-9.511448058025271	50.69472894244267	49.51509206832007
36	-8.966686348000204	57.32408425322176	74.9816740771166
33	-10.949947759249607	61.579933624283484	43.27212767066179
21	-4.118463979778121	20.482658194073863	44.70623030473247
37	-6.830194526315789	46.14362768421052	27.450046000000007
9	-25.937157058517105	42.86276237193958	73.93971462059385
