3	30.84832806995859	-0.49574630739756514	33.89593038131141
20	57.65403998810761	25.06907284079084	26.830393191615872
17	50.14143510466989	-6.448832850241545	39.55728099838969
5	62.759814617887464	13.732662963256885	17.124375367034364
6	65.66387974683546	-0.4851148183819485	0.875799188222345
8	43.11082087135708	14.173270385634384	42.59947468354431
16	25.275779308552124	1.0938296074863532	20.22827216012478
15	33.080760856361984	18.03471894928637	28.561684785909506
4	67.80623143164694	8.773059203444562	5.884887094845114
2	51.246060321337964	1.0659009677722444	1.090790002818754
11	52.179428054893584	-6.490212342838362	25.121459528309643
12	38.25283853266944	19.661986383497613	14.482680520272332
13	64.35325974643425	5.787331537242473	28.27373946117275
1	52.14511683924913	13.439322443103158	21.374889251896562
14	50.218761067464776	6.250198154383339	48.156309889013585
19	31.844324787442773	6.153242249836495	41.647382995421836
7	42.356772898216676	-9.44782797525173	33.69497961907071
10	27.301182750088373	8.177643513609048	10.230016083421704
18	51.78410004603345	-8.436899186742366	14.67112475065214
21	56.6145697543747	12.514088296676832	40.19695408572806
9	55.354452071823225	-2.3792552025782685	17.43399723756906
