3	-17.200360193671102	-38.20432042192633	1.9132839356735256
26	-39.098092763391286	-22.314262859169922	16.93302199361476
20	-39.02971141237917	-43.74905667296366	-6.042832092454718
17	-52.46837185717304	-30.558668045033343	11.15740973710422
25	-31.556522979668546	-36.47939039808645	19.793650435674014
5	4.781721908149653	-38.37526481610874	-2.178818713078829
23	-39.35775653947685	-25.10563690904728	0.30399436045116407
6	-7.5517929021497405	-27.63023332097851	3.2755940511489996
29	-44.213253922044316	-55.371229015041244	9.519338347080705
8	-19.72710632971749	-44.75558791274289	-10.859181428060557
16	-4.825748424369747	-43.68679529936975	-16.33990730042017
15	-1.3535277922619673	-40.9493975388466	-25.09381301491292
22	-27.274278877369355	-29.79967169337103	-24.624085663420246
28	-32.81436667184345	-32.50349013822022	-30.356546047522897
4	-41.77120455552602	-45.395876717185146	1.5454466897101835
2	-12.42184191128928	-24.656930428035682	-21.042513060907797
11	-66.86967986358246	-49.92096381969157	8.406569395017794
12	-4.647315125612425	-31.31657375169394	-28.018508183050134
13	-30.843723904298113	-31.186256828287107	-6.953728774084269
1	-29.123885852215214	-36.51245067351865	-3.0419565522074272
14	0.36056169084386197	-15.84118109499298	-1.2132150990485102
19	-25.543289224952737	-19.725028085336213	-26.814608155549553
7	-41.77526598823639	-34.45986779945851	-24.95431397628606
24	-35.083016607820056	-23.506852098862296	8.471042500326922
10	-34.27777379807692	-17.34570769230769	-26.254220673076926
18	-22.40943527578685	-31.66874135244624	-16.096294733561862
27	-31.52867800504343	-36.35530243765762	-18.363570972261137
21	-52.640014798268886	-37.74189040904649	27.78298129275443
9	-45.37636162005788	-34.559391927262716	3.7081954814712774
