3	24.56231915198396	51.016527288354105	8.234242515398941
17	32.87384340574487	51.04466725007721	18.317307217131678
5	22.38096490668368	34.506013558781305	29.240847822619237
6	28.552800048282936	30.349748264831906	3.7849426640111035
8	46.100361915008065	41.19051490048413	2.037871328671329
16	0.6590050167224081	47.93045819397994	33.611171024627545
15	40.67036181026138	41.17930723620524	-9.903154646660214
4	4.61031854415775	30.176480385986995	26.69065250681771
2	18.04433691686718	38.38607326192142	11.557867564490673
11	-1.4562001049501487	32.01488595417177	20.200401084484866
12	28.908911526308568	22.218173924989703	21.642112103310893
13	-6.482982541567696	45.82593147268409	18.73744881235155
1	-7.176557725694443	46.95125969328703	27.048602430555555
14	38.617530568312276	53.05465198048219	-4.196723163030998
19	38.603324481714424	39.79510744234801	13.56020888655952
7	40.33850321592648	49.0959924961715	12.234091730474729
10	7.647354112911549	53.863946743730004	27.613584064402932
18	36.09923780487805	35.99338993902439	25.932068292682935
9	36.94158503026968	22.98639818381949	17.01870610897083
