3	-20.783196595923513	14.780847446942632	44.13516562303005
20	-12.570768956578094	37.78572278029812	32.82751036941024
17	6.349189701442469	30.258914290506546	65.20538711841664
5	12.718111844786828	30.423628597049	33.01907059590772
23	-18.02549272116461	6.473672016921736	44.83647555057857
6	21.28727361226181	39.48947348798674	41.66671168185584
8	-4.853528716216215	28.444917140825037	59.65750151137979
16	4.901237352529494	49.14124825034993	47.83916636672666
15	-4.526767420814479	15.517108959276017	26.1237207239819
22	10.501395582660292	44.2749004450305	62.911258282511945
4	15.25245149646563	35.136490524890945	52.03036065573768
2	-4.113593246534283	21.87173468527538	49.40444946609217
11	-4.443105868814729	43.794653867118896	32.22007104354673
12	-12.195956612085446	38.0081637436622	41.167272629041655
13	8.817639303971687	15.606240562327958	49.44885292961071
1	-6.098420201108673	30.260291027459065	52.76491556013921
14	-1.477468144450969	44.89295302407515	60.271431004110376
19	-4.146294915254237	2.9963485472154967	33.394478571428564
7	19.29375126962142	47.18896698984303	45.203731071098794
10	16.073193164633533	20.36109940518197	40.63616564169775
18	-14.726173301529858	5.788494818226683	38.50129585458135
21	20.024009305835012	25.032317781690146	47.288137323943666
9	-19.020004389207173	29.9406391609684	40.547702873775634
