3	34.23189511627907	41.46651569767442	-11.64783941860465
5	12.343634370688331	23.512751954622107	-23.4797608462364
6	31.747090386490793	24.35366493866448	-14.487220397269413
8	16.042067181056268	18.841593454835703	-12.408651589729946
15	13.084319664235583	43.72278739507362	-26.295468281271503
4	25.60303065802592	49.71471335992023	-17.610490727816547
2	20.274212620251102	31.575616745475298	-8.714363443665418
11	16.654024332500335	30.966036432986982	-25.005694988820196
12	11.3797593676815	9.242046984777518	-23.55301288056206
13	17.31283212369833	48.876659671820775	-19.710845850426004
1	5.875526662254885	10.232825955208803	-14.960372226672709
14	13.763727907172289	23.16447094929791	-7.3347345497351375
7	26.989631443077187	19.50798124085707	-26.968686515790377
10	11.109718500520655	31.48933547379382	-21.73237868795557
9	10.380179908562958	30.755415667861115	-15.582671320894603
