3	-10.070292296456943	-22.17513906654569	23.96086679797286
5	-5.58793487494101	-26.031951931504082	12.70725052248366
6	-8.886691920963406	-11.992167192797849	35.329862036712264
8	-31.374649976819654	-7.979930180806678	11.411055447380622
4	-20.94898182573476	-24.77028310312597	17.461543254751266
2	-30.270784605291944	-19.265903455062322	6.5027815438443035
11	-4.115303324099723	-1.867978217073785	39.50324011583983
12	-12.496387651084897	7.143807921945537	25.233336245813305
1	-17.97241303328645	3.3284661275199245	37.10101476793249
7	-18.723102912328358	7.800224234193452	23.510190734872495
10	-27.35595994659545	-0.29197116154873154	23.600965607476628
9	4.586567203989331	-13.192493447756	17.79755282384321
