3	1.027463241653693	2.753147206365681	23.409610793980278
5	13.803429702970295	-1.7443885431400281	-5.131240028288543
6	-9.891171475120492	10.369759283144392	8.941766275201955
8	17.088356350330496	-15.64663574126535	1.9262838762983951
4	11.877839653013773	-0.0009352978000356936	12.237424342693618
2	5.510747688114474	-11.819670982186313	4.220810960770954
11	3.268140572048258	-3.6007539650264335	-6.193665853327911
12	-7.031760271482245	-1.1275548418373529	18.069964973942554
1	4.639326285870031	-0.22568843203675587	11.563749289413229
7	-12.516717888409772	10.163345746765977	-3.8040784006272053
10	9.732465353668788	8.058840999159361	-2.1087436051399067
9	-18.09814484952288	5.481816613653044	6.088809150966479
