31	42.374392881510126	63.7739233568342	20.1921012053673
3	56.27083944797819	50.682331553839155	46.35087465924578
26	42.904868614497076	68.52173043640086	37.536943984367724
30	56.194790215729576	37.645641583149306	58.826885680312536
20	22.026601928237756	47.04600159029917	54.22494781830831
17	43.658258414634155	76.7496197560976	44.51518256097561
25	45.73121849389207	30.97280083500851	40.4541755064172
5	28.922877951180464	45.59109051620647	70.32587306922768
23	48.159219426565244	72.38619514335869	67.34351155646574
6	51.90270775724057	26.701926721001314	34.33771627128511
29	21.43421437234688	68.30152471194666	72.0071289417829
8	60.75727977574182	55.428508819909744	55.373364077669905
16	30.487832337476096	76.40317220363289	64.03208902963674
15	30.798630436234866	78.24245888168882	48.595993720355395
22	62.6640880254777	36.90715286624204	37.77643515923568
28	17.760533378932973	60.66571600547195	26.733992886456903
4	33.400697932371315	60.83750953047596	34.61773190824896
2	35.26943673234163	57.87363807945828	43.26041162698556
11	30.787869368614967	78.63052721487186	18.178320046893315
12	44.254766714082514	79.95350391180655	32.69212268847795
13	12.917504546132065	61.19861350424802	75.34401684304667
1	35.44617888009296	52.458297915607524	55.34416014234875
32	54.0993640456665	60.11760283003697	64.82855378678244
14	58.28831051669712	59.949282106662224	49.18090264163482
35	28.157863156329025	57.47528945411274	78.2406863007586
19	36.40537346118958	66.7187360373202	75.53529156407929
7	19.40891014130115	50.90561429202237	42.214446791286434
24	50.05249448986848	58.63633567365802	46.35268050124425
10	24.261197064656876	60.240511701705664	28.389961681872276
18	31.307943708609272	81.44311467991169	23.289463796909494
34	69.26749807788737	43.71775346815979	49.77487681765002
27	15.99546789740239	49.00211958830257	57.29910962261069
36	28.008638598022102	67.91588816172195	77.31334278650377
33	14.559128920591629	65.97453718661491	64.77569684254695
21	32.0703483935743	59.04221514629948	74.88634122203096
37	24.569491948833704	63.732463506395774	75.42010082768999
9	42.71438687150838	77.74966937531742	18.671464321990854
