3	36.13768339627238	-8.371229504202704	10.135291387501521
5	11.693635372501513	-17.296908641227542	36.46326418332324
6	42.02758032503956	-21.28769667769308	18.618203221630953
8	12.30192581168831	-9.350608116883114	25.990607954545453
15	10.38891018928715	-11.693585850449724	32.484080681970724
4	18.948425716189206	-17.851989506995334	46.39022251832112
2	54.698497464736796	-9.597684705448511	25.60770885959252
11	10.454624941688698	-31.823206655263572	20.109510029544396
12	33.51735329072766	-23.12474481444108	39.35427379751093
13	30.461330489928994	-17.470843731856547	3.2886156044839447
1	37.23054018509499	-10.111481652865725	34.158385127455766
14	13.132921218732951	-21.933143458271644	18.547467466687444
7	47.72156184815521	-12.170000672872044	33.439168442301224
10	36.73675248495881	-20.79688261287223	21.174368188482738
9	33.65575232985032	-31.10663136590417	39.2455826979196
