3	29.642537039231946	30.864807988621546	36.546401801588246
17	35.09442612320519	32.229242704956	35.471810251659726
5	19.054580901218735	15.943755853110972	49.536413245670296
6	17.605431688160575	20.01314176282362	56.17880413070881
8	24.843228556367198	37.16313946833346	32.66019240906695
16	34.227921851221915	30.193293169814694	58.69167675230507
15	8.557223842195539	32.46047527158377	46.22902401372213
4	24.521267244726282	62.33279254561926	51.28758198524653
2	17.61452959349593	22.59527097560976	36.557644959349595
11	24.96689906651108	39.166699533255546	63.52436919486581
12	17.96909396095603	46.94840977923736	61.66614595876664
13	14.240167854828258	50.193824530136105	43.727922067401174
1	15.818711942519142	32.69338658054215	46.89386301121313
14	15.433199338686823	17.961424500078728	38.851164855928204
7	37.62534757204895	38.81556565337544	43.568098460323725
10	11.196302926829267	42.14444926829268	44.3102056097561
9	15.296753319563292	38.16914576571261	35.65511950427855
