3	8.770006313856044	-15.78627172540466	44.29790873608082
26	4.8539823269514	-25.558268409425622	13.834253773932257
20	-15.564043772181847	7.922621936792293	21.679272604360317
17	-13.235460685973143	-14.680363290729654	26.082986167286847
25	-12.606892389616155	0.3434379853561126	50.09822165520302
5	6.042228485153498	-12.095124475759102	4.2024403623553095
23	2.167758859470468	0.3662706720977597	6.845211914460283
6	-5.332242973779243	4.852518448736064	14.936195635107554
8	-15.914275022715316	-4.897504901726363	4.126039883315003
16	-13.40187090883551	-25.09417333895211	9.263659924146651
15	-13.999122699386504	0.2706790869722122	25.423775442078668
22	-14.484828789249255	-21.639815996898818	23.065398759529653
28	-17.96056013210369	-8.07256094217348	26.07464294616152
4	-19.732815230324665	-21.463899881013088	39.98828488866224
2	-13.583971128170893	-8.027563584779708	42.28502686915887
11	18.313457900076084	-1.085799518133401	32.07753322343393
12	-17.693422382671482	-14.898268023192212	10.809679466141562
13	-20.801739110070258	4.410591412958626	35.946656518345044
1	5.298091489619682	-9.456975278537456	30.22224918156468
14	2.6789716820009914	-24.47505520357005	48.34681229684314
19	-15.781413802151668	-7.439535686171608	50.49270020991866
7	-4.857605293440737	8.53775071921749	46.555506616800926
24	-2.738509803921568	-3.442732695487833	53.7515760689818
10	-18.99933547008547	-17.166680637738327	49.469107495069046
18	8.903150176233634	-5.036090130916413	14.696263595166158
27	3.8569175660160737	2.2622820321469574	25.4730907577497
21	-23.570476474719108	-6.4630031601123585	13.194294475655429
9	9.616445763626551	-8.406888491635184	50.92070628710198
