3	9.293751185958255	19.880381087919034	2.091903462998102
5	19.292724299627263	3.3864296020199576	20.383861127810505
6	1.5182556419933761	26.567456211969507	8.955728953246554
8	14.014364609974422	15.600320492327368	23.787524296675194
4	-4.392653463335365	15.955195713995531	0.06755474304286004
2	9.210699886749717	5.683337981313702	24.01133415911665
11	10.056069166922839	-0.22895496464801723	30.08258884106978
12	-5.628533809038396	36.06835779816514	2.280150866462793
1	-11.83633850979192	26.064895119339052	-2.9289948745410044
7	8.08922911995516	20.639561799327364	9.715432735426011
10	1.1373789516622477	-3.389125433408117	19.416911176830514
9	-11.16145080453706	15.399692693220782	12.51383038776048
