3	5.051798842975208	8.512215041322314	0.20647685950413208
26	10.640789333655823	34.34106433667916	35.75896021284314
20	-5.067309867702392	18.289774608569	27.77081769632237
17	28.18329490690032	6.457999634903247	36.47023366192041
25	30.146443819152985	18.034453166730255	18.638257726058757
5	14.708690540374324	19.71624332219512	19.01481072548737
23	-3.2201939100802477	31.001876332856998	26.31639848301639
6	30.376766473199055	5.951599522021168	-4.879625469443496
8	25.067972501878288	-5.841575957926372	6.225418181818182
16	9.92768877877238	9.800069693094631	43.61662100383632
15	29.881815179850058	-0.8612811894532895	3.23560938421363
22	30.81540511253126	24.51883398166157	21.947610447346484
4	20.397457026426274	40.53938910842182	8.178816621387996
2	-0.9532241976085587	35.62089505978603	33.358057426054124
11	32.60373794291338	18.374785761154854	-0.6796148293963254
12	11.03695417026963	1.6941624872258467	1.735467887744674
13	2.4842169444011835	12.087552406167262	11.689265846441364
1	6.646308806642523	13.227291758678561	-14.685495715926153
14	20.296794770669	12.793308550004866	-16.41879593923459
19	6.089024751178629	25.786529727606077	6.6153748035620765
7	15.688945612559577	29.601315391084942	36.47835309784132
24	9.607991859929351	34.41378334101265	14.47084820560077
10	27.273048651538552	2.634821611025307	22.0510884519425
18	26.054195229035564	-5.040422508415044	21.854720035123673
27	6.353282696256514	2.466753869846786	16.109315708418887
21	32.355315296989424	11.632374559262272	5.634744100895034
9	21.23088552665465	-7.422988539788824	13.615818568117435
