3	10.966725057304865	-3.1929646519483663	52.76693986005551
5	35.72710251396648	2.1812269553072627	35.48880558659218
6	39.29588033460937	-1.139473628243301	52.6122161491564
8	11.35041476957246	-1.5584750138811778	40.64170756986859
4	32.602963768671	14.69988280352355	32.66589237839907
2	17.67847062269082	-4.483133955123008	34.47109583671263
11	16.780603319232025	-15.29328359908884	51.00395297754638
12	23.17830446194226	-8.903443044619422	34.97927454068241
1	25.22537875140427	12.056368480179747	54.82527587867115
7	37.38863103304056	-5.397396821413633	44.89209318276872
10	5.471019101123596	16.94482857142857	39.995588764044946
9	13.282899265121532	11.857921198417184	32.984554098360654
