3	58.318958123371	-19.731207645525632	29.380206255430064
20	53.11510320458145	-5.192780207952559	27.029946305998944
17	36.58100642473878	1.4118842841005368	57.08543504659701
5	43.143979412886004	-24.420773922988943	41.24495939763629
6	39.72868107242896	-37.85819781245832	32.378197412298256
8	47.214924355831215	-18.743468818496208	54.33492937279798
16	47.37241704850004	-12.672077807555983	69.01370597389125
15	62.719767100293765	-36.405813820114716	25.305845153168278
4	36.19771336206895	-27.739614655172403	50.52361323275862
2	26.502991664561765	-22.708974741096238	68.23949204344534
11	42.025137672904805	-5.328744833197722	26.91248885272578
12	48.18799134199134	-13.522482038429407	48.07946282372596
13	26.95787220279721	-22.059243531468532	40.60052727272728
1	37.539829615127	-13.893092431346284	44.02252604461847
14	57.75514301518657	-35.49967414261289	35.825624358845424
19	38.422399722145045	-27.801572659071958	74.11676926924144
7	18.35923452902519	-16.471263417305583	49.954209474260665
10	49.53046083916085	-36.034126107226115	51.1162794871795
18	47.2945321969697	-3.8089655032467533	51.321647997835505
21	37.3684056348203	-2.5442070486854664	46.96336724373694
9	54.48030168564918	-38.009454305239174	27.744922687927097
