3	4.2652379367720465	3.780708652246256	41.92949400998337
26	10.320280860175014	32.54000688884752	65.84308760007448
20	-12.58207137628111	7.062705161054174	69.21560907759883
17	14.208821084642679	19.772746984287878	48.08021571211354
25	-13.992070952021814	13.133695654696291	75.87118495097755
5	0.9443472204949632	25.592890436512874	91.79713219748787
23	-8.86045392100744	35.901353062392666	77.66672009158557
6	1.63733951110401	0.0780453746604888	70.8130597539543
8	-12.804654822500654	21.656715446358657	63.89140110284522
16	-1.315303082191781	4.3976902968036535	75.02622956621005
15	21.66704978322619	23.691559276423977	58.20484272686502
22	-25.403369370701768	27.638804850994607	80.40243459291578
4	13.175586313280046	28.80139447482822	68.87270831580426
2	-3.6663680328003827	20.64826757339745	51.76598753519622
11	3.6297712498718337	16.424364913359994	81.58833435865888
12	-4.617086216265168	18.36156330374932	67.02694493751132
13	-16.531073673781858	34.14053908853464	63.23500045032875
1	1.625332046203522	25.662028960420752	70.10456559368862
14	-11.108894895325497	20.773111557212506	97.88521823917408
19	15.546437062146893	36.30930564971751	48.52833389830508
7	-23.643674098983844	29.139597631405803	72.42292718765992
24	7.579221925509487	3.0804618411806044	63.75895347856641
10	-6.320141766950397	0.39377017904314643	74.49509451130027
18	-9.022940056504114	33.03211755312615	89.75425635671293
21	1.5698409159689297	3.7650577020074656	57.01531383032382
9	-4.441777820151019	31.621964914956905	81.20679719319654
