31	23.270456351165983	-3.144178765432098	28.960308696844994
3	13.51368177864753	33.71048053924767	35.609794629267235
26	34.87824669998719	30.49781084198385	15.834929001666026
38	14.225395171720072	32.310211237246726	54.56125247880442
30	20.455705096333126	23.795349751398387	39.750144965817285
20	6.813048902195606	19.21356273167949	40.3687110065583
17	26.117024192358762	35.004401534149586	1.5633937158872993
25	7.652770601114649	30.002866938694265	55.189113953025476
5	29.59520699512359	21.387194383722886	14.99642693795191
23	1.9171974730266887	50.97105905735377	19.38406984667802
6	5.8546285287528015	-5.261379536967885	18.09823726661688
29	-0.37539028560572496	33.147666867202844	21.236622443163824
8	9.252238316550477	40.30470320165247	32.22613826491093
16	1.9750357864700985	7.74414849601712	29.57747568660088
15	7.4971136309571005	13.435756482435972	35.17196376179526
22	-8.386848092868986	37.71710270867882	8.47085914870094
28	28.94594145840465	44.269078055460454	31.240388223211223
4	-3.598534446322909	16.379605663567204	24.4982300295858
2	26.20638267514201	23.111071172572366	28.922348187719763
11	21.991030546009924	12.644924322260406	11.04463184421535
12	31.629824381343372	29.090891891891893	29.242712395940245
13	0.5549604621772882	34.52854278750676	28.62667512186315
1	11.708571955401608	33.344283203225984	21.054511399472677
32	9.934748140071832	47.99917483324782	23.685181310928684
14	29.100288017765763	7.644851308293907	26.287470020276142
35	22.521954983327156	29.931247591700618	10.138339477584289
19	3.482784686637761	-4.734411214032321	26.635083957430037
7	28.035716161928306	12.148135043263288	18.819433250927073
24	-0.2222061830274665	23.49474738268259	-8.43178716590713
10	14.798678160919545	38.83144173297966	-4.134080106100795
18	8.668572519083966	21.023753878355084	8.182737133710905
39	-1.1738677384231098	3.0640541856145522	8.042184461666563
34	24.05926324703605	18.677385192354222	36.97020929107185
27	18.119243587966167	12.992820740329961	42.88599334534867
36	6.141435384615384	15.921130897435896	46.730611153846155
33	8.456512522216835	41.68731442882534	40.173112134432074
21	6.2879553087757305	19.512219528710727	56.719841413867826
37	4.086915909203795	22.486910793225057	13.420791436944317
9	15.83682271217155	47.53637601932951	5.551110918151616
