3	-17.70089275495021	24.640378963030788	14.81960489870665
5	-6.5444673035896495	34.98827743252017	25.33233818755218
6	6.507794589637783	35.14875515818432	2.8719982423964545
8	-6.142738382099827	27.666467845407603	2.180274604913159
4	8.287158719667644	14.87939155887074	0.4799600604286659
2	0.991638038171327	16.732543386595648	27.88465701287173
11	14.525105633802818	16.83143585425597	22.52818018983466
12	17.705212118105393	7.922433155628461	8.460088374000412
13	-15.345339833262681	37.32807291225095	10.92555828740992
1	-3.9602795729137386	27.55402940901002	18.278901002154157
14	-0.10962477839190735	25.35225404108874	14.813805506309311
7	4.6078148196721305	21.082315016393444	14.021097967213114
10	-16.519164241164244	29.821225571725567	21.977910305910303
9	3.3112957294660155	13.829207712357144	12.427234177638171
