3	-13.885112097842176	-10.049444885876762	8.581457271948272
5	-12.271718093066342	-3.782661512149932	27.72944801539229
6	-17.81000987079689	-3.694282641842549	13.553319557017893
8	-9.842993162622335	11.493953881217323	18.699386110738704
4	5.226779396404816	-10.474588367874224	2.6563572645813864
2	0.8135313753998255	-4.141729979645246	13.233514742657746
11	9.05106331846309	-13.685460785724565	8.444064325802271
12	7.95422910447761	-10.392951194029852	13.88404701492537
1	18.528555910150974	-16.331081502393516	9.071776236651525
7	-19.01366614066727	-0.8117551848512174	6.387149458972047
10	3.845055268595041	18.51653305785124	15.055188274793391
9	17.01661407320742	6.332070198896875	8.86105381915427
