3	17.97274546566753	76.56138773512771	23.333879614619963
26	18.942009616876064	32.562310687141306	45.83760989607569
20	19.828765210197794	38.79571828231932	13.305450552756263
17	6.1263814432989685	44.25849246629658	30.7290537668517
25	24.425665014866205	70.14245804426827	39.01898975883713
5	4.415233140180003	38.31276069535199	13.444892245099249
23	23.797915809097695	62.11756420581656	34.79826137211037
6	9.550135004779701	31.143231163639523	18.96768180238117
29	13.784502245028863	76.83883242463116	10.648215362411799
8	25.531971570397104	30.258694559051047	28.435480144404327
16	39.806446798343416	41.51710210258044	53.01526154826377
15	8.561087506731287	51.12672130548503	16.860574467266712
22	24.150178004388795	27.65252329934168	41.52931199173874
28	30.693430072349802	46.76956174897768	28.236456244101916
4	19.632033608658507	84.55361008259756	28.758200085445747
2	37.8985116243732	44.54378179607962	61.494728764625435
11	15.398291364347704	26.65141030018495	30.798170009958753
12	35.298008955505274	33.80593080693816	41.40641148190045
13	24.327013275239985	45.92083953979168	19.632575873102322
1	5.081068363387355	41.722228714905285	22.64497352202693
14	-1.4283236637452168	82.74853697074435	22.4508264411801
19	24.37101480263158	50.40473968301436	42.12957027511962
7	18.4485445436987	50.3714135683245	46.850310840173826
24	10.706947126436784	64.13145977011496	38.96061968390806
10	19.877383489932885	38.27306295302013	38.69451731543625
18	30.612229946524078	58.508005969406796	48.98722248476558
27	12.259579492432001	49.014086036189816	37.95518356663253
21	0.4775645830353311	44.64876655700186	24.043201115720215
9	22.41813772897154	58.42206182808106	25.943474230609517
