3	92.37096442036683	25.23883144819844	15.99231722732652
5	78.69880515802028	5.234037865235539	8.59863267740012
6	84.27565266856284	-5.164307344821817	4.658554291450562
8	100.18067153179192	7.372534537572254	27.77903829479769
4	106.14885919343816	2.522974025974026	10.465713089542039
2	76.82759620334622	24.09177799227799	30.327626930501932
11	93.8664850627138	14.845997149372865	30.59799521094641
12	97.31235905767669	2.896382209585703	21.27311240861089
13	108.78396271991066	7.699396956157502	20.43434152471377
1	92.61014356087263	9.123816326530614	6.0493406052075995
7	90.31502171830087	23.620811881188114	29.495772596614508
10	94.44717103524229	14.12708381057269	0.9869870044052865
9	78.28489928525016	15.506469395711502	4.745856530214425
