3	12.373542018119336	34.01708794126834	4.742694314276787
20	21.21532846347607	42.22124395465996	-2.6317908060453403
17	14.904802873821282	-0.6517615626403234	27.775984134111653
5	5.629823819232076	-3.8545088345225964	20.046210159700983
6	28.739604800590847	31.25989748892173	7.358271491875926
8	2.5859896427213998	28.7304894526796	-7.667727194982895
16	17.060122818499124	-0.028159358638743495	0.8763105366492147
15	29.16434598819588	39.36788132078481	-1.5185772850534374
22	39.219457677679166	28.057732120217775	-7.372564993660976
4	7.73353838116467	20.127214753413206	10.830082683198661
2	12.216057006252296	5.808967144783622	26.121014098320465
11	15.937770514765964	-6.239123613867164	8.087318664643398
12	38.01354420664206	16.884164206642065	-0.8677247232472325
13	31.681058540497194	35.0799534883721	-10.820344369343568
1	13.801036461205936	12.653272460311538	4.95906944920623
14	28.71666934074662	-5.7587045274027	7.397490945194597
19	24.181649709669273	-7.924174955819235	20.645803206261043
7	27.27427883510027	29.818222250606723	-19.5143395069613
10	20.49107388962293	11.621339871938206	-3.055523427177559
18	31.106083845126825	14.68073297730307	-8.718565554072097
21	33.458035154230565	10.724029209029814	12.045841719800103
9	35.77495435415993	29.729075267076723	2.4894914211719006
