31	23.332829230504387	-61.38501859184025	37.41721087966947
3	8.93289073385677	-46.04518494857813	28.165611260920237
26	36.55684222027973	-15.17408599213287	32.119678758741266
30	28.866786007080307	-49.3289825787218	41.352025619526735
20	24.65823948925568	-57.13405465587044	33.23923606353161
17	8.096692557159074	-21.9848989784336	33.95985730501054
25	21.100138595739708	-42.69151084543792	36.48081081817828
5	7.644284252784255	-41.48020655270656	5.021801346801347
23	35.22036469467668	-33.015626309662395	24.621692136734044
6	14.501931438388254	-49.55201593003279	34.12831969389349
29	-0.6483589709935685	-47.775446909043175	38.65870022312639
8	12.321797227231741	-73.1843972046889	25.230486361587023
16	5.441308055876483	-57.43635006827014	4.780100094527885
15	-2.061093760316936	-62.30885787388578	10.889972763288215
22	37.79152538071066	-43.28429025380711	33.002102131979704
28	13.560419467755686	-43.30328887492708	17.259015482654938
4	34.88057501494322	-21.538318788603306	64.13104951185495
2	22.124948167539266	-20.473540314136123	39.29208992146597
11	8.965898573035705	-42.14083989579015	45.12157386464563
12	-6.5687159497021845	-55.42629622766379	15.517392190602251
13	23.6792418264259	-42.17023761037308	27.672918224484924
1	31.970616978014988	-40.0552671241581	23.864708603380347
32	38.154954529796775	-32.160665805488584	59.67100878401654
14	0.5024721895479751	-51.73594622752478	6.892198790119305
19	25.840393268848555	-28.413825096064667	55.81370279581293
7	18.098482999682236	-26.88958039402606	50.33176827136956
24	25.93547354427014	-36.97576194274574	49.966783834086684
10	16.477981310918356	-20.27874523830814	40.60316882768488
18	26.516964485416352	-62.89071074505061	16.38380172283512
27	24.309465937571204	-63.51541421736159	29.37329129642289
33	38.18137689654017	-22.15569320427371	42.19001929195834
21	27.72155720930232	-54.140924293381026	28.450208872987467
9	51.01378877050567	-15.472506172839507	47.19485540334854
