3	76.46271813592935	33.99453497385974	-30.774950784207686
26	56.559083091647345	40.39219446055685	-12.000597882830627
20	91.35127359057577	25.30579384541412	-26.25520411107105
17	69.10299281347204	27.842727877292717	-23.39246079588115
25	97.35056607094505	23.75726482534525	-21.671481992959656
5	92.55073628528666	48.44151406306445	-16.971977653919595
23	86.15555481443477	42.87277184881135	-16.086415768770312
6	80.02176837175793	53.0099624159462	-42.03653302113353
8	92.76967369296909	22.695614061849955	-8.812014977118293
16	94.50731806023954	33.84340434934295	-30.83018792882893
15	55.22746203284931	38.008965365389194	-20.82924268031421
22	99.1443886898947	35.829539563660035	-21.949258764788894
4	82.09441077050536	39.16075548191107	-39.49492902513117
2	83.59562922547741	33.93670691495671	-21.505213319890874
11	96.4350796116505	50.23379790888723	-33.54911740104556
12	64.07198926894701	38.50322082494969	-44.85469366197184
13	72.85265010485564	30.757269720922732	-35.82472527827069
1	61.635250994398895	37.34178472278593	-32.65921308547772
14	63.96310332151766	35.36086635158198	-9.637792044111855
19	73.72828490684529	61.0913434163701	-14.832645802805104
7	81.81474052999512	24.985081612745883	-33.0865778735165
24	81.96966747195856	58.539844003451236	-19.091994650560828
10	64.3275587356322	51.94915218390805	-40.07425551724138
18	96.64633100344695	15.023030448104176	-24.71756520490233
27	98.41202808988767	19.826977367576248	-38.906693739967906
21	83.78302312398777	51.35187187331294	-11.016570451682561
9	86.62958342133051	26.262453537486802	-42.14098215417106
