3	15.823986098553341	1.522026672694394	-30.871526898734174
5	-15.966519729238899	-18.64408568598316	-40.93472032359254
6	-16.217578579035447	-22.688756123535676	-29.416179370150616
8	-1.682593692022263	-26.961645485466914	-19.70090630797774
4	24.723240380988305	-17.818594492644287	-43.171963315729904
2	-10.87723659563769	-8.769207115469234	-13.407387139355082
11	-25.39322625559424	-13.985450397812034	-23.14241608652412
12	24.586343681847335	-28.038975112251446	-43.444536369467606
1	0.6828385730919869	-15.893200804488199	-29.041556376723705
7	-0.17746399769585258	-7.825423771121351	-35.011564516129035
10	-11.246471075648303	6.105643394199786	-26.934412459720726
9	14.657385090637515	-29.358939710774663	-17.39719865571322
