3	-12.375130432605644	-18.124709142799926	-25.486550971359907
17	-2.4866506741376297	-20.928409035195237	-42.53568762038173
5	0.2784353085553996	-22.083649894810648	-21.16971090462833
6	-16.19258788013073	-10.022778374785355	-9.077873760593809
8	-8.581540755467197	-5.0657435387673955	-30.065333830351225
16	-15.000417586167671	5.47385667159595	-35.43103276077807
15	-22.86042616992276	-2.561702862335302	-33.270212933515076
4	-7.096846776265093	5.156531274081686	-22.42349524788082
2	-9.582651179863662	1.5395362873623488	-9.125840167802833
11	10.814197805371066	-19.23380479353162	-37.96761637308691
12	6.670549766112267	-5.115907094594596	-33.57750825103952
13	-19.04220749233005	-15.684159857904083	-0.7744697238818021
1	-5.532666007905139	-26.578984305975347	-27.836163566612413
14	-2.0788868741542625	-8.902803924221924	-46.92254221921516
19	6.555526959247648	-27.572950940438872	-37.24603056426333
7	-20.76781522230595	1.8486732479276566	0.002090429540316484
10	-7.481251348067135	-10.430040290119239	-19.256723171565277
18	14.281707931242456	-18.612508293124243	-28.66551130880579
9	1.7386116548042707	-0.9768064056939502	-20.297863701067616
