31	61.4570573905246	51.77176939172023	4.377159467942013
3	84.6343659363766	-15.528010649121619	8.809925456148681
26	81.43840542776765	46.3988600033096	27.413995532020515
30	73.96459880171832	-7.390340492878139	-3.0345516617680315
20	72.06036761145135	55.91292579404643	7.147910696481984
17	59.1199550627615	-7.914177656903765	3.27387539748954
25	61.969351172047766	-3.509562914639541	24.6817831711632
5	67.80550063451773	20.597231598984767	30.564512055837554
23	86.99452174813585	47.86565202982601	15.314399958574981
6	89.09267178967075	49.94793696364488	7.86961507255422
29	71.06118099901485	36.82300959031117	29.59928269687664
8	61.57671296792878	40.45000107261612	8.679619221280708
16	79.19654921288803	2.955791967044284	28.064835809916143
15	77.22993776027013	8.960330557118743	12.667462014631404
22	81.36778975369457	27.721229885057475	31.651397175697873
28	94.25644176851186	29.792125089863404	24.62673094895759
4	63.4468878100522	18.562605254569192	-4.206011912532636
2	66.57731422759365	33.18528343504447	17.56198586015715
11	51.77658939393939	16.774805151515153	-0.3238957575757576
12	66.50402942425534	29.927833768124735	2.1868571861918347
13	79.98672296979392	22.854435776794958	1.7055358991248706
1	51.352600224829615	3.1145410665355167	4.882033724443195
32	79.87481856933525	51.25191767683495	21.89034687624883
14	77.4237986048605	19.5451247749775	9.470561206120612
35	78.5099316947909	20.570297505502573	30.818624431401314
19	93.46903293906274	20.716322952537805	12.40339347207666
7	62.529625708397724	-8.82703001030397	14.282417439464197
24	62.43982097911769	46.66057647628267	21.46049218641959
10	69.34396	3.4123971084337352	-2.9318258634538155
18	74.81199249335951	34.32617299919159	-5.7887951264580195
34	71.28277756008359	43.48359156217345	-1.5526415882967606
27	78.90918134761272	52.56694743418118	1.4237112003569836
36	55.05567736131935	4.6098796601699155	19.63017661169415
33	75.61839860372339	-1.9519941821808513	24.52407363696809
21	47.32260472343069	5.2211808576755745	14.045910037290241
37	81.40102621097262	-11.473416291918284	18.148980341770528
9	73.3074220279264	-12.16865718387055	10.438906564008871
