3	19.42709318265176	44.8480932055749	-29.592662983678725
5	23.88191637085614	59.864537272125624	-26.73321845857649
6	1.0554772029562252	44.764051051733944	-38.46722808413871
8	4.349575806235783	42.87602207948615	-10.793120433560821
15	12.016034893949762	34.1738996188056	-41.14694027954257
4	22.920929356830847	61.76383581864738	-18.73775779484862
2	10.951085864625687	47.42633684126605	-28.105473411464565
11	13.85074225384439	35.42880468212073	-5.112964310305256
12	28.74121982489055	53.25033442776735	-32.83913649155722
13	34.90822898785425	34.436348825910926	-16.32174736842105
1	11.467577762205089	55.74489623919643	-36.451654940434466
14	-2.520508333333334	52.13194322033899	-31.125530790960457
7	35.06369125090384	43.06344920462762	-19.10418691250904
10	11.868400183617258	53.445970213200034	-2.898598082219729
9	0.2280393253012049	57.11371402409639	-16.40581272289157
