3	6.732135173058935	28.679880596017643	73.14886796739276
5	-0.017687036403058326	18.53478939860778	63.24371836129179
6	-4.145526596127547	18.2801479162168	71.81147743467933
8	-4.234396510940271	40.014649172087516	56.345274985215845
4	-14.140650221238937	20.73100580752212	76.78390171460175
2	-5.9151609150833675	33.38750853043816	59.91665109215459
11	-30.01180440058243	21.79722455913282	56.28738877204336
12	-29.146627970456006	22.53770937700706	71.01197366730892
13	-19.51207863089732	22.685888374961454	78.56165525747765
1	-5.475717741935482	35.25520204647937	82.54808792924037
7	-11.05037443988941	16.755941939174377	59.425342549337415
10	-26.640258542656706	32.26609674134419	69.41542430414121
9	-17.25425824964132	24.81311922525108	52.09063701578192
