3	233.02981769825914	8.585669084461637	-19.49370728562218
20	244.24092114805958	29.19170465241879	-11.985985687832734
17	244.42469799348316	17.725824558394795	-36.469199279711894
5	226.178712903783	19.160966833650026	-29.039210830886155
6	255.9839687886383	12.63754967418546	-17.170789674185457
8	250.38184240089873	24.765501524634885	-23.32979521746108
16	252.11662565308248	-0.03341758098223612	-19.61697048066875
15	266.90926923076916	40.33653157290472	-16.48235476463835
4	230.56100834535337	24.29209272614878	-17.815961261075625
2	262.07790088736226	30.7514969944182	-19.50610884499786
11	244.13497504645602	7.456345367666579	-38.44469790284045
12	268.5318409154146	17.67395095993322	-6.881626112966051
13	234.28072104099346	10.323476951862562	-27.57826433066849
1	257.6470556566665	6.58256073504374	-28.968140726824405
14	252.2059771901952	21.04988027689515	0.7154770767135725
19	260.1761169382213	11.215645451459606	-20.936209097080788
7	232.82441913809083	24.059129633920296	-3.7490055607043553
10	245.74347906179716	22.696148870086752	-29.6799510549427
18	248.4117796923953	1.832051267445172	-39.12395798917687
9	252.08047504332757	14.579647140381283	-32.355268457539
