3	-13.834074926900586	-22.18158245614034	-8.171366374269008
26	-11.159521238135023	-9.545115531421496	14.724064153715414
20	-1.7115243458672682	1.3022022179864847	4.7155542078207136
17	-24.08081245287084	-17.168076268447702	-4.2443093827426495
25	-3.930136994629648	-8.1598679704124	25.064680514743134
5	-15.086065078689916	-16.35689479654048	-11.767192116829717
23	-21.03318242687654	-15.478027546105954	6.279691471866555
6	1.7939616607200772	-1.6228455400583848	-10.037072591631528
8	-22.878453991531554	5.519287617473923	3.051744345760611
16	-28.37752732782945	-7.282204828090711	-10.087778242240569
15	-5.241078731201818	-19.873778339441426	-18.876962214078095
22	-12.446994746435085	-16.048129945320042	26.267230513562772
4	-4.449858641358642	-26.02575961538461	7.289272102897104
2	-23.758453616919006	-9.220556476808458	29.515049747656814
11	-29.00358916688848	2.084469390471121	-3.6454051104604734
12	-33.73140076133145	-6.043185286827196	0.29827133498583586
13	-8.522842079689019	-1.621014253320376	-19.536328150307746
1	-10.742143193150813	4.352835356101231	-16.56650014112334
14	-4.487658255865429	-12.326887339530774	-18.446973734690868
19	4.422324431912424	2.7219432741748215	-6.406151932327086
7	0.9893162450967127	-26.437330853510076	11.20410293520898
24	-22.4908196656051	-1.7159470541401276	-21.27986425159236
10	-10.32357459970888	-14.23849283114993	5.193471761280932
18	-16.405642736795844	-9.64192645227456	-18.58525368104901
21	7.946049076073915	-29.483141228701694	2.4157532997360205
9	7.669456375838923	-19.543904942037827	7.056185600976202
