3	65.47312459556444	27.902925642684867	63.4441818342255
26	53.19843548387097	23.722356319947338	49.42807620144833
20	67.50783532446376	41.40700936736357	53.65931645397774
17	30.942871349829957	54.84849876861733	52.795681599624736
25	48.81689676264359	49.37374459197375	43.4854314486051
5	16.28501669758813	39.708469958612824	69.61116868845443
23	63.00044450782269	29.06858026401564	50.147852346805735
6	40.89593395882929	39.25407052233581	73.29893818792884
8	35.40123132459971	38.54578218340611	47.25523802037846
16	60.91498755555555	27.923736987654312	74.56131437037037
15	25.400592717948722	43.94059364102565	49.485734051282044
22	42.776167026637864	28.304796688264936	79.19086393088553
4	26.20508851008032	34.16973004425504	62.5615631863629
2	27.89379355222865	57.906700238176256	65.34647337529772
11	25.668081401735687	33.78180522904537	72.69220158189609
12	20.520144300236563	28.92420746755323	68.29128911194938
13	52.871124222558414	28.653810556396035	47.38029366280047
1	41.89446835038362	32.70375309036659	43.623271526001695
14	19.081639468690703	26.589841872232768	59.457168406072114
19	49.60854630695838	40.721935680210564	76.30773367330154
7	40.244606822754704	51.241050942015725	48.24012328516553
24	32.65785040289619	43.308389115964026	65.4176570127292
10	16.567944922964944	37.24365631444862	49.00299490476769
18	50.748569994262766	18.36157687894435	58.746317986230636
21	27.176256774997405	27.042532654968337	50.54357958675112
9	55.77087877222753	49.71046867852137	46.457837010256036
