3	-27.86792905442855	-7.2378137678749574	43.67601374570446
20	-14.147683069828723	-2.202713636363637	66.0066803030303
17	-21.448166626243033	-35.784053480475386	36.63318166383702
25	8.32573863490844	14.837241260084518	76.0988681009092
5	10.051541613749896	22.936261874523748	57.94994242655152
23	-16.222934169011683	-7.722051931440266	35.04588530741026
6	-10.194347626559587	-15.649554280797364	35.58747167646638
8	15.693069403242493	13.563560952052427	59.98922614694721
16	-1.011455064548163	-5.497487090367428	66.30996933962265
15	-9.728870114517914	19.997447432582188	55.28171444403398
22	-5.8979562657695555	1.8454402859545835	43.610673423044574
4	-16.99878365513184	-11.93688056907525	40.1953275391774
2	-12.341669726301735	-7.452151869158878	57.93857268024033
11	-9.073755448678924	16.339981066601727	62.32379861195666
12	-18.181325095347063	-30.718138062547677	24.746235545385197
13	-21.26907673143996	-19.689861609367213	23.212481439960143
1	-10.137815343223167	-17.077828548860865	43.9878131957643
14	-10.492987193596798	10.756614007003503	71.48666893446725
19	-32.082588485134494	-25.163380997325785	23.605269388076135
7	-8.454675922474841	7.707929090570257	61.09796449869549
24	15.405736927144536	-1.437864130434783	49.33365966509988
10	-24.353090316177514	-16.970975116971495	52.312681766624145
18	-10.678827051213457	1.282463207042459	52.965048003501764
21	-16.925275882825037	-4.173049658908507	49.758864967897274
9	-5.597271808203351	5.309543712690161	80.85514230695168
