31	12.342315185995622	0.83608761487965	23.541122363238514
3	-17.784085380116963	-18.55403115364168	44.61807442849549
26	8.15058457080768	-34.30504744657733	13.455009658336353
30	-33.75976784839079	-6.209767521646791	44.093134128410384
20	22.965191039479524	17.90729247375425	14.20835827295579
17	-8.855734993270524	-1.6844407806191117	15.233320861372814
25	-12.325864460562101	-16.296708824418253	40.00875883952855
5	-27.795073711095267	-13.673023045854123	10.482886849607985
23	-35.04390169938471	-36.060407412833285	38.198806328743046
6	-16.791253963505827	-38.97717095423272	28.390168461461748
29	-14.170766983771683	-29.019506435366537	34.40520369334079
8	-25.90245362405815	-34.49124964993	26.26078429019137
16	-40.65405263157895	-19.55674360212458	45.54132319330437
15	-21.894936470588235	-17.051847182662538	0.0057380804953560995
22	-37.80582969432314	-33.16711175804625	38.56903493449781
28	-36.88921459031374	-10.60357021017362	16.357515382272314
4	-27.43152663408168	1.3008079695137107	21.90985866953857
2	-24.243812079019932	4.7767801184394925	29.683355137652004
11	21.56362601003657	7.421635536276259	17.65691775112699
12	-33.87048627478165	-1.775621343407736	26.74323481907667
13	-40.99986715371373	-7.419232019145989	24.086312675819787
1	-16.12194077664787	-14.786862216133622	27.773991200800886
32	13.545973684210526	11.558823255813952	17.593958751529986
14	-37.00514368585453	-16.581746541722445	38.82527398482821
19	-39.97293802816901	-13.33608117797695	31.358344046094743
7	-24.115893114311433	-31.419003600360032	42.74937736273628
24	-24.608727256478996	-18.286324575513856	49.31442055406613
10	-5.109546090449478	-41.40111856776786	29.49430369139137
18	-33.00015545949407	-21.624398655139288	13.468972302273455
27	-15.51183672283556	-40.47572806507845	12.915189570017432
21	0.756782640210202	-26.479825405454378	23.55162009604059
9	-13.458994400814426	-23.537052210587554	5.765287012798139
