31	49.18607229280096	16.847268451300664	-1.8919774652147607
3	60.61019807062571	21.314763076378444	22.281097929020266
26	61.211093950446504	-14.703267387749971	20.895597283360583
38	32.12510359271789	14.346181246979217	7.888200257773481
30	59.54074238156208	37.43148058045241	21.687075458813485
20	41.95051867068383	19.463643933168992	38.22393536017528
17	60.75977018791266	-5.318852209243271	22.810202767902496
25	57.84189165302783	36.844199181669396	45.738343698854344
5	32.47241206632483	21.59352933342212	20.139123793034564
23	82.02164901960784	-4.887519909502263	17.204946606334843
6	53.28972312770783	10.238174334639977	3.4022248813699183
29	54.99886243067275	14.756879551482996	20.867665420786103
8	67.84483932287496	37.95303661757644	31.099601928925892
16	69.68329512893982	30.80899612337772	10.685118152705208
15	60.409647041153505	30.878190898167617	-1.406659056773806
22	60.70795987689503	19.269644249401573	43.33508377977887
28	73.11466551097905	16.41693957404656	19.18166468548787
4	38.49960315091211	14.45926368159204	34.179080928689885
2	50.73943372226176	34.09093302590451	26.760223824703665
11	53.42899092075866	3.926108618148976	8.642193421115179
12	35.831519987793726	27.150268334859117	26.022037432611132
13	65.3363359073359	4.332607142857143	25.703254914004912
1	35.95775271370422	8.35681121253238	23.241363173800412
32	72.85872860428518	27.494579711899274	24.47594298511076
14	58.6833297264803	39.07060384730988	9.533021039975955
35	43.32496892565488	35.16618082511401	4.688189945911549
19	48.634832344059156	20.14611506820784	30.381308549411642
7	39.01668375629302	33.28644220692489	11.051401828829752
24	67.9537816003291	23.244184253831115	28.802752339812802
10	71.19815279060565	-2.098316796411136	6.795897347935087
18	54.577574326517365	28.93512950340798	46.04205485232067
34	67.97976965051318	31.05476822138495	3.9037428868390283
27	38.4242458268533	28.519481804043547	32.3683294971488
36	58.762486638264924	16.40959769558482	-5.355345468628971
33	53.45726751047635	43.386229624561715	33.56109775079108
21	73.1069222167244	-15.081314596734286	16.176865611083624
37	55.80042415699883	2.6233777512739893	17.55306749430771
9	73.79011680458308	7.921532622533421	11.385225732017828
