3	29.269356573014225	31.060840443981967	52.59732581801364
5	31.769612212692973	7.733188747855919	58.3701895025729
6	13.56842373007597	26.604651720542236	36.7100528079845
8	14.315484848484845	29.37545820271683	51.22909571577847
4	30.820239631969244	42.99914762427906	44.7925381763252
2	11.713171744304656	34.98188078884734	46.73650333219994
11	37.428899864273866	7.905242044940431	63.738752375207355
12	35.77258465346534	30.566225247524745	41.48217316831683
1	22.092826199107638	21.159083798103737	57.98185199386503
7	33.8282222948676	38.89595603138281	49.43645129127166
10	21.027213137996217	24.37828316005041	47.85932923755512
9	16.159694433878535	48.08226955749968	41.68981463167238
