3	3.3389464269163023	-6.200790249328023	31.471109370655306
5	11.464902027506024	7.169389905004961	-0.039108039132284125
6	17.20365872771973	-0.7111562692071297	29.717122311001848
8	-7.094200419832068	-14.927732606957214	19.626490703718513
4	-2.8923774858382547	-4.185087581856895	7.080716122293198
2	9.11518716906785	3.6872850634158354	29.960623199113414
11	16.416064192817082	-12.752295788092113	12.62777902398282
1	7.566417322631431	-3.1336620125429056	17.79878145404805
7	7.301124001389373	-18.417788294546718	14.074623827717957
10	20.1885418845374	-8.173323551381923	16.488811119410947
9	-6.309858452891584	-15.354599467534388	11.142108268007691
