3	23.617547286821708	64.24349674418603	19.079562635658917
20	16.598368890474493	83.3040338922583	22.170165715305032
17	34.522470136194165	69.72601590200107	7.814433006162977
5	19.879691079933067	50.52059634444588	26.669334019822372
6	36.31345015511893	54.98477621509823	36.64065160289555
8	6.475209664113139	53.73447825574542	11.724877077195051
16	14.323460100763857	72.52331220542824	31.92673768893222
15	22.732506958250497	49.80780533465872	10.892786613651428
4	28.474216126482208	58.15732822134388	16.60028537549407
2	8.036110361784333	55.618381875658606	31.597595925535657
11	15.789684879948082	85.18676002595716	6.670997923426345
12	21.030251523332055	68.72362653297338	0.7465703817971464
13	13.050401407549582	62.81878566858606	41.15923493282149
1	20.466986683084773	59.55378127422811	20.58326569982214
14	23.49947570742125	84.14261358782703	0.9522151628403631
19	7.7634485178038934	80.55431362918786	0.09078179266795298
7	31.44574867885299	70.23982378930954	19.439521528198913
10	30.504444610220073	43.34215050354345	28.77362299515106
18	1.8312702702702706	65.20874672610756	14.548886876567295
9	4.14132703003337	84.81828333068488	20.218726998252027
