3	12.530662076481075	18.945192886863488	3.3815749950465626
5	49.14105605018212	18.2241155402671	2.1079900849858353
6	36.47672920156338	31.734377582356224	0.477032802903406
8	33.45137073354705	22.508179426739584	1.3671441636809354
4	36.880066051738766	22.8075778201866	13.83646395250212
2	25.485444612244894	26.52650971428571	1.898112734693877
11	8.000596090670172	25.793600525624182	4.791318988173457
1	13.323106298262552	27.215380429536673	-8.45045209942085
7	10.213832313500845	19.20896901445124	-19.26977190469991
10	14.883356851812138	26.326255951104436	6.258326720995067
9	1.4017450165097225	13.201731319554847	-13.209387672740615
