31	-23.884800322061196	52.797623510467	20.26614975845411
3	3.063984941284827	44.38420815104768	-3.3610633202855174
26	-29.211030219780227	17.168883190883193	-21.442134208384207
38	-6.816034591717943	-10.38503908198902	-16.36888657907866
30	-8.770650675757944	46.255774260319015	-11.863279435042008
20	-19.617815860775323	10.261437578157564	5.960190079199666
17	-14.988111616751736	-10.583052087817476	-31.07597663120349
25	-8.468411719233146	-6.822493970315398	-31.12580550401979
5	-17.951813936833062	45.73784215426485	18.31733925374203
23	-7.214016874462597	60.7851266122098	-19.054818035253653
6	-29.679258545523478	-13.642315094458835	-28.795416692992983
29	-14.326816175231677	43.31927127211458	25.766853917438922
8	-7.670883162177874	29.091097849254023	21.69204902150746
16	-1.9579138288229967	-1.1749758513531012	-13.678359186844492
15	-14.504079894122725	58.95924800129644	10.25557740924805
43	-34.63021671554253	6.518405278592377	4.138968035190617
45	-23.85980977558454	54.685208083656455	-16.776362707084953
22	-23.47431737089202	17.152387636932705	-9.154274334898277
28	3.6421300921597433	23.706114999332172	-11.104722185120874
4	-41.23166187050359	12.5297612739077	-3.764936655553605
2	-5.465279495063926	36.65731882181582	-6.4030775206344055
11	-16.829824532061775	61.13398850615614	-0.2713660237705501
40	-26.810109108031753	13.581687340239473	12.1752521189291
12	-27.507897292993636	23.393390286624204	-17.47364203821656
13	-16.55082735676555	52.61536265745633	-7.701795255993498
1	-30.44599360592293	28.26059002187447	12.364572017499578
32	-30.70353755540004	58.64613517611384	10.766890482855144
42	-0.13893665806821434	57.36773316136429	-0.06988793350530231
14	-30.581029040704596	-7.768944537014996	-16.207606165198765
35	-20.239801693661107	33.819085834087	-6.581348762640797
19	-31.540050691937427	-17.30102135980746	-20.236351835138386
46	-22.63728185919458	62.69588907743886	-9.642960183767233
7	-45.66402406800491	21.47162955755838	8.273840331831217
44	-36.69450874108799	53.617593710323284	-10.007436859068266
41	-33.88584486873509	11.456727753153766	-17.599075008523695
24	-15.982577743779698	-15.229095418310656	-17.588594009179488
10	-4.895885685123756	16.627588925746362	-14.559634473079866
18	-8.119517445838085	64.28549110604334	-12.001410376282784
39	-22.858374382747154	-19.40161755517485	-29.891594880580485
34	-17.89397168201979	48.55786693961106	-3.6852016376663257
27	-13.814097524381097	29.679950612653176	-24.136510127531885
36	-4.1206564410597455	29.558603239300655	14.484419821945725
33	-25.003751851851852	-1.5476748842592591	-29.29112199074074
21	-30.42410030627872	1.052489389630278	-2.323481842047692
37	-38.77395283954114	11.535722702166831	7.302085823537743
9	-14.796542588178502	10.485329420993878	-31.965006547385567
