3	10.711816820430535	57.821874181040236	62.990547265677215
5	0.52372546875	81.76196015625001	38.76704828124999
6	21.155487196841506	45.73053367174281	41.8620418499718
8	2.1540415089047817	67.4623017809564	36.37263090730613
4	29.237367317566513	42.62144690368757	64.38298300140035
2	20.811658860103627	59.95872186528497	62.8841520552677
11	2.327057224606581	56.05960185979972	53.63072002861231
12	-5.148449916905877	80.78159087475451	54.438523795135225
1	14.031294902369948	56.583546951855695	53.90333328364883
7	-5.608037096774193	80.60188935483873	47.409552419354846
10	30.333835898099057	57.15280150006464	57.174133454028194
9	22.701898143236075	74.92323448275862	44.96616848806366
