3	13.409971288633677	37.82675629116703	60.28972791758148
20	20.143521706263503	34.614773434125276	35.43829168466523
17	43.98497944516315	49.08230271668823	30.843296248382924
5	18.359885468582043	54.63748714941856	40.25595494967263
23	20.792090909090906	23.499052260124348	41.09015762056798
6	-1.4108488335268659	44.64750490868784	31.798118969703363
8	14.295556948519607	45.63289863963724	19.78142184582556
16	4.2234758971612205	27.55704646491698	42.58358837707553
15	19.819778482096964	42.729209354120265	11.902549254754149
22	12.963056804733728	58.445679459002534	15.33640202874049
4	-1.2933631785114716	32.41858883603805	48.77927923894796
2	19.907806081754735	60.19833387337988	24.629201395812565
11	32.066993392070486	48.41081277533039	54.611977455299304
12	21.551505002340274	45.738094722677275	32.71259428387549
13	37.2051102970038	58.89231257359677	12.788964150202801
1	25.382222460069155	46.173807673308076	41.70004923431582
14	41.13617256267409	61.65900849582171	35.5669860724234
19	3.9369663118836042	48.3877081339713	51.453301044819845
7	12.459903505644682	37.48070778371954	33.022129055258475
24	35.64584227761488	38.781708418866096	38.15991665444772
10	-1.47251656665797	46.90477328463344	41.11034894338638
18	23.243904860392966	42.362912680972066	24.30045527404343
21	24.28544218629715	62.07462170900694	11.484201847575058
9	32.99708252782066	58.58935399236456	46.16901575826497
