3	43.82574441980783	13.816789356984478	3.030047302291205
5	32.55360493215806	-0.47428553035555115	-6.674057046647517
6	34.89265295248079	-5.472888102725367	-1.328425576519916
8	30.936154258429163	9.314724517637885	-11.20357357240304
4	21.957416170075692	23.13339040103076	0.9713077790304395
2	33.285080047474615	21.229051694579987	17.07811420282211
11	30.773053290623185	29.087626674432155	-3.1338781304601047
1	24.238670854638418	22.448973703433158	8.955143608473335
7	25.6043761589404	23.440432082413544	-8.03944650478293
10	36.92968815331011	-7.600564634146342	7.993578397212544
9	33.595591235009195	5.006554453351383	10.202833372110241
