31	46.06198744552812	20.0460893338867	33.0543125129695
3	-3.152638845338007	21.12585741953334	10.116199206861571
26	35.00293931200865	16.835646354145002	38.79123896676512
38	13.625445769377142	43.372777495877216	19.460367753393374
30	38.73300673194615	47.935366585067314	7.465812933496532
20	29.110712350672564	39.195090772269786	-19.212243344934635
17	44.261429676421294	42.05026008766276	22.488895578187446
25	58.528387129380036	45.185166666666674	-2.152387466307277
51	56.80204184725751	20.557376176954115	4.443473621282321
5	21.9521548004315	29.70589084412082	13.155517529665584
23	35.21648601749607	-0.10629513839093647	-5.348933601032556
6	29.199670810281624	42.42825710903174	11.562297930469239
29	15.656376580172985	32.11416333998669	-18.79579557551563
8	36.70540266707542	21.990555947271613	26.925766400980994
16	23.880595659785843	30.080989169822075	38.995159928341685
15	3.620966542750929	23.706419454770757	-8.868126548946716
43	52.689763791857395	35.55871886292461	14.471316911587571
45	50.1052298897208	26.5551329989304	14.25821192785748
53	46.927860655117655	10.762214615326425	24.75156638172328
22	30.67459288427684	3.599846289261559	-1.3266443991475956
28	17.384490505050504	10.324023434343436	29.70207946127947
4	19.43780087168166	21.978161147902867	24.441534386143648
2	22.280008808828626	23.752859504132232	-14.59161968624734
11	18.664296740740742	31.640933629629636	47.13443481481481
40	19.25456563333159	6.855328401902867	18.276869360656594
12	23.99404672584156	15.273574359403783	-8.502974543627532
13	9.964547196168427	27.098378567152263	-15.620072440630608
1	37.539618501295934	31.322232409666107	10.36995753925903
32	31.639169583967536	35.275755454084226	40.364469304921364
42	10.816308671399591	17.023249290060853	26.6148857505071
14	52.367974783934926	32.444304626334535	-3.1368765632943574
48	46.42339896746307	17.452631168207464	-7.930579181174209
49	13.284774308380797	-4.477334621643612	-1.0456535801464601
35	9.344082568807341	13.827026531118277	-9.555330151252171
19	53.180829231030394	11.885280937022578	9.686616703445933
46	19.59201319317816	42.413795773892524	5.291399871286065
47	52.25233890577506	16.35335638297872	23.515550455927045
52	23.9095030428769	3.2180482710926683	5.533694605809127
50	39.640376587897826	10.229688976915723	0.2952862996858352
7	28.974024606401816	22.64118048170159	31.37120790324262
44	12.025150371872883	1.5119411764705881	-6.210435564570655
41	47.346051036070605	12.35078986953185	4.6920926323867995
24	18.707480521123202	-4.956998355679232	2.283930685555275
10	11.13294495307851	13.509053330281525	4.072113183794918
18	10.107240141955836	0.077032630126183	17.53073797318612
39	44.95274622662762	55.93252849740934	2.1506525118269884
34	14.377455310880828	25.229864709268853	40.43228842832469
27	17.772211747938506	14.144617224880381	37.576277511961706
36	6.8774360909722905	30.659442546429638	17.090149567980934
33	45.886042481833435	47.377798434879814	5.386558300726663
21	14.803050082304528	27.57641526748971	18.799364855967085
37	-3.115093759029183	6.244497688529326	16.315951025715112
9	22.06231001902762	49.32162535266716	20.331224919624695
