3	8.290020623119133	55.910132634094516	27.56173287307487
26	27.60660785270269	44.62286716041716	34.83023427278979
20	23.86612112179922	29.106621595989708	41.64513846362282
17	36.88096306478605	42.31297537652403	34.18734317475496
25	14.13984957037395	74.23582100931866	32.62881399007624
5	21.311888211230947	56.63340215693568	50.31504388248418
23	8.134633969118983	70.9973338631547	16.322025090826518
6	7.812905989024098	70.77629351586731	41.885013272488656
8	6.2448173963505065	39.586940486169304	52.74248494422592
16	19.90958729993764	33.42694621700271	55.506361255456255
15	-2.5088531598513004	72.70187441914496	12.517327950743496
22	18.746527513835233	57.77708395113294	61.95787104521249
4	7.018017238888619	59.654804834593314	39.093098738383006
2	15.902403495220629	68.04368919571307	58.811339577097634
11	35.90541331751445	69.24866350289187	45.723422363932954
12	17.06622354851031	67.50802711993887	37.996509453781506
13	-1.862383794871795	56.9489956923077	28.358174666666674
1	14.508839379947224	62.00234439313983	45.12401193931397
14	-4.734884417034396	74.77805497368277	20.12995018342282
19	39.72907206980451	50.68278530078027	39.718982800570515
7	13.779126161644609	65.09036355956067	21.29653665634094
24	24.790763513513514	61.980926825761934	29.191215497412305
10	27.005393908073945	59.75780812256811	49.72760104571985
18	21.536892271266694	38.85858498224252	25.90496059529849
27	22.040087586482443	55.46107890143629	21.82067673963787
21	10.968442594675668	46.2668096737908	28.309799100112492
9	35.95431417171568	46.61353007241023	58.64000073887986
