3	-25.713928890247633	31.07415536533171	1.0980950168144297
20	8.044190803861953	33.85694031044968	1.0621453032485197
17	2.953439296584375	44.50595240108218	-20.916797514372675
5	-20.083380747743874	45.93463457957312	2.5814348947142247
23	-14.869662444771722	10.523305301914581	-34.765196686303405
6	-3.0355676562243725	14.429650319829426	-8.214984582581597
8	-18.97396928955562	11.098032974808946	-20.982385649589588
16	-8.943183903488896	20.32302118260081	1.4119493090167645
15	6.612590543735224	8.118205673758865	-32.29780914105595
22	-27.609081588712247	41.5973204452792	-6.9436324155939335
4	6.413990255591055	18.49653067092651	-6.788086741214057
2	5.058339070993247	28.759884780102123	-35.09568127161918
11	7.807681791309489	-5.770723765888265	-26.44517307123855
12	-10.434117815313279	36.15478123024117	-20.483800800891224
13	-15.06418858131488	6.7074376201460995	-5.411024029219531
1	1.4341175823335235	19.636657997399194	-20.64982085802211
14	13.614933405964864	33.5628777066594	-24.198933542148986
19	-11.75600198791349	47.50100612277354	-7.729352178753181
7	-13.549321710253215	27.69329625017296	-29.195700152206996
10	-2.549154677699186	33.248464300013346	-34.014666355264914
18	-1.4678599397590362	-2.4209496987951806	-32.577743524096384
21	17.10641085207683	40.49340551633556	-17.0079335084551
9	-18.90054012623986	43.63689909008936	-16.273853020739402
