3	1.830352096010818	16.48729039891819	33.38041396213658
20	13.830209391035828	26.634631192952188	17.952456314427135
17	-18.830341083931195	2.5505375572651046	19.045583369349124
5	-8.961951143809634	15.426719048166456	1.6679327508909068
6	-0.2134219184710294	1.7259877827506955	29.147281601548325
8	-6.5376528255528275	16.374824570024575	29.45417211302211
16	23.341739581891176	-1.0043825280354426	25.842089298075592
15	-5.537250280426249	25.04275883342681	32.24510221536737
4	-16.778703780313847	15.88467560627675	-0.1831121968616262
2	11.976782711198426	24.375628028814667	32.05422711198428
11	-10.620067067229616	-0.5457559813792358	12.045699848435637
12	-14.805984426409301	23.673641917087078	18.952087957885503
13	-16.40537140957447	4.267151728723404	5.37998430851064
1	6.820990745250854	18.349448304150542	13.274877047709385
14	8.3368097960445	9.777573393077875	8.254039864029666
19	2.482362956313584	-0.18998264512268098	23.79772456612806
7	34.01690528192556	17.378515489190995	27.692769222197455
10	-15.518774555922212	20.078892649020567	-7.525640314540475
18	0.37060608654303373	1.2766843556823584	12.187806181645266
9	-17.598716009109374	14.208788330153258	11.398269588231672
