3	33.17130341423283	90.70448597285068	36.34530876182641
26	54.05758109833971	90.79550631474386	18.76027657159075
20	30.775509971930862	58.946387058649734	25.39672610429901
17	56.372963594036364	84.20805126554069	30.683785427708166
25	39.68833055718476	91.48423870967744	1.0393339589442818
5	59.24887563134744	76.02282441753111	24.979106120675613
23	29.980180829888223	61.90751201959883	20.95916735568826
6	33.58459788798011	79.70996231493943	37.2128697587742
8	51.7348506886127	73.11349193819281	18.603000167954313
16	51.9929419642857	53.91315046296296	28.327377149470895
15	38.82523050259965	77.9735603119584	5.162696013864817
22	54.307205223880594	65.17522037539574	21.596184192673
4	35.55103337434636	71.80202645339895	38.75181021224239
2	40.404037903841264	84.56891706944798	25.981323454591706
11	24.966832911015054	75.12950290654345	36.1053490833209
12	42.57836742616034	59.09287510548523	36.39504810126583
13	50.519330190137566	99.88060813108673	36.50212753130313
1	45.04917457580356	81.73993040419369	17.63728661424563
14	50.97825301817257	58.90860960731986	41.650139789045625
19	49.250202883799844	59.64026649703139	22.069107718405427
7	38.425681446006486	100.62153004789121	32.633924300942375
24	42.49948723866412	84.72533152321478	-0.3550913657344557
10	45.16805631226837	97.29536853251189	10.537199210665637
18	29.623152331606214	99.70378272884284	21.0813298791019
21	42.32900920174833	89.6102995169082	38.749646077754775
9	34.08792528386051	96.63756914030819	10.284316403081915
