3	26.922426370522537	21.973419822827065	23.827883425343437
5	27.153158617267618	31.063553919947065	27.21246394310288
6	22.04554162983914	25.381317217606508	6.231743415237759
8	40.981281344639626	15.313575105996367	0.11477460629921261
4	36.242220333296046	24.41297304552064	5.01480572642881
2	17.95853953682454	34.46251799499268	15.493294387648653
11	32.75893226249604	34.011522984254455	5.553283313959632
12	38.73535451555024	39.224903857655505	30.12521112440192
13	23.592333671157736	11.526722189102179	12.85934672707762
1	37.120365543435916	23.57164382547721	16.595846941955593
7	41.778459874389405	33.97113590369853	10.494177773900908
10	30.31596894239978	25.88821754001916	-0.8664166096593241
9	21.009879624804586	40.27118412367553	8.306717908632969
