3	40.9344722118959	27.856116635687727	43.221420539033446
26	54.651423284710965	10.006837250135062	33.04565302539167
20	15.236332927159488	44.274971703222306	38.092883292715946
17	19.89773730534868	37.354726980365605	37.053183649289096
25	34.06072472207518	56.75149832362803	42.09104429151227
5	18.63180239013107	58.57439838087895	24.397872937548183
23	49.812780124223615	31.71767329192547	51.16263992901508
6	39.928341721239626	53.72838261228278	30.92791486618883
8	14.322798441067633	46.038031257381306	30.000858830013378
16	30.732001928640308	30.05333919961428	16.139121745419484
15	29.077425777989745	16.628872421604864	37.028090497198036
22	21.613148293029873	46.490688211237554	22.502301475817923
4	61.13430718261331	28.18269414259211	41.04248316989132
2	61.3248256437005	14.189637061975438	28.85042244772157
11	25.195961128310966	35.10871734892787	29.318802660245385
12	19.366027379244375	29.63843460066954	43.09925585844095
13	32.34937839044536	48.84863344123228	22.668950552517018
1	62.84465527240475	20.533020809879584	35.5182299662266
14	46.53681438253012	26.93459011044176	50.11220456827309
19	27.080205925277294	18.42467089900759	27.288746205487453
7	46.35596745634601	32.06759320432515	31.683155194737036
24	30.481671506662106	30.54307738298599	50.94794294499487
10	49.1054161961261	32.28816567793583	24.45388128082339
18	43.43358301693926	41.67603095794393	37.37610798773364
27	39.23568399198168	46.97512614547537	50.06536512027492
21	50.46242725325423	26.10630037897512	10.102106772120612
9	54.987778338687484	36.512559063790725	40.19065351078476
