31	6.433690034762457	-6.9827262456546935	23.104620509849365
3	3.9408717037037047	21.22751607407408	6.4481188888888905
26	-14.297113932464772	7.508526854559956	8.149685588939112
30	-7.336968096099201	42.48283285972618	24.376572720227337
20	-18.9265434192673	37.804709124830396	23.92258565128901
17	33.349035103067415	9.990751052545246	8.65800481163541
25	-12.906143405245615	13.58750229574187	20.567813070004405
5	-2.7979844322344314	21.943473328754575	7.39666117216117
23	-1.9277536785512164	9.382402659875494	15.77965265987549
6	6.977921888499265	1.730809625451034	34.04943075672104
29	10.591578942110786	-3.794766345337397	14.568507766844817
8	-8.774915224508888	32.81334015434986	47.950764616463985
16	-2.273071982624884	31.92394027303754	7.007446323301273
15	17.544412650731665	0.3261888168905291	23.611168283053697
22	21.910643429716576	21.16115001431434	29.11330833094761
28	-19.87010178251239	5.876596983440564	0.32521537812467044
4	-5.989171468203159	5.741729086641058	26.008017819035427
2	7.02268631827449	13.274207511535568	20.16014445755983
11	5.737641192141192	5.94707042957043	50.680564768564764
12	18.885565637398656	26.1320688287045	21.39513403484561
13	33.339830446672735	-8.978632087511393	9.618512123974474
1	-3.8712741194486955	17.532815647238987	28.793244947902597
32	13.06176164874552	-0.6512888291517324	6.7141632317801685
14	6.393558566696778	38.87703462812406	25.170547877145438
19	-22.34712582595248	19.375583298186417	41.862755236890195
7	21.86752364749914	26.166950323239192	5.770094703413859
24	25.927428952407013	26.92359429704596	17.76196608315099
10	9.197182251190776	15.031756329907239	46.07352707445475
18	-2.4845795231874592	6.842242488569561	45.252527759634226
27	28.183143252732044	-1.524103347673441	25.445737106265135
33	-12.083479230152367	37.7725212510024	17.036442261427432
21	-11.920597460502085	32.72756140350878	19.7382462925269
9	23.68121850542792	9.244287427417317	34.02215008836153
