3	33.76582640622705	-3.5759917021589067	0.10382934351593479
20	9.652732391955498	10.862928284124946	-16.164501069747534
17	16.701354539682537	-0.7497514920634919	15.617158857142856
5	-11.08257172799255	8.914218444340941	-12.406994643688872
23	22.3596433897333	5.561746415256669	-9.598908732434758
6	29.967904611800172	-16.797073322826005	-2.3164275337490574
8	8.921847664641254	-8.8863244031179	6.3506373902903075
16	23.124053739151112	3.22980501723933	18.638518131018902
15	-4.272036359452304	0.06435312392129783	-11.013154527672299
22	12.770834676756047	7.622724296759335	11.067842901793059
4	8.079174721694269	10.207704792288892	3.148079351072495
2	18.43715329768271	4.076232987312574	9.953159379259727
11	10.12444837809557	20.21553889082665	5.936532089291943
12	-0.5716825511432009	21.019766185318897	2.016114921780987
13	15.502858749044865	17.51675908743587	-7.756019648509986
1	17.622625426205552	-3.108171916436649	-1.7045205661092162
14	17.131664804864247	-13.250275805995472	14.730922299208142
19	33.42548524415429	-17.177292985144227	8.595195656518554
7	37.71555314160675	2.088151453579244	-3.5057011566114418
24	13.906651162790697	18.584778142388355	-0.6347567413325723
10	24.086878955696207	-4.447323575949367	20.17132764466546
18	22.463823061630222	-18.37872763419484	-5.1424981776010625
21	11.933487590212989	-8.440640204189403	-3.347972716071114
9	0.2684547569388737	7.672285817423393	4.208814695973046
