3	0.3599449960598897	71.29580567375886	9.033186603624904
5	14.475775743707091	78.39661613272314	9.158741347254002
6	23.261752842718096	74.31394851268989	31.125793504957702
8	4.783997185602132	44.288911864908904	18.158754110502148
15	9.611352978453738	66.16969249049428	2.2309794043092523
4	23.930548708971557	66.94048682713344	23.905894004376368
2	0.7768784665860815	78.4110694525988	29.49524949058884
11	14.426775197453727	46.83509984675233	22.232118943769894
12	22.32143554627526	66.93291015169196	11.425271203095257
13	2.6501993753253514	44.626679073399266	27.382286439354502
1	6.7784344213327525	74.09701949709444	21.970241840004345
14	24.860196388650042	66.83353155631987	29.828848323301802
7	15.055613628881812	82.95587556238338	19.475155711620758
10	16.46929564516129	48.3065456451613	34.46983112903225
9	-6.396126274151834	59.240745473908426	17.470188802677622
