3	-3.516154979485266	-17.996266505035432	16.500076837001117
20	-19.232713784461154	-2.710676023391813	2.3120294068504594
17	-28.158412536535774	-16.931302547973054	26.08128434362689
5	-2.4351012032932227	-13.355335022165923	30.62383179227359
6	-7.382690391459074	-13.88260591425182	14.399327317403825
8	-9.725935807422267	-15.536402708124374	32.15569842861919
16	-28.482331584470092	-27.48082154099835	-2.706017688502473
15	8.643466396487671	-33.59387301587302	9.523573342339299
4	-29.306847963800905	-34.26287020038785	33.90335992243052
2	3.8176927244582046	-23.650833281733753	5.541048916408671
11	-21.19856514838915	-1.0751877479765117	8.305840818917632
12	-10.519851279575084	-45.518002897151135	21.055842950265575
13	-37.8512044438423	-17.9947871562119	8.43644004877388
1	-8.665078476566267	-29.59232179289772	14.605401559041466
14	5.475925149217617	-40.914005807388286	34.676152282626234
19	-16.779356431159425	-10.612453804347828	0.609086277173913
7	-14.059688296018233	-26.34259364526076	37.974153639898105
10	-6.03110107717279	-52.53535399144164	1.5916927844178843
18	-0.9713388207822533	-50.71624973730299	22.34888546409808
21	5.059233052679249	-29.453859357309014	-6.117391749181713
9	3.8688037037037026	-12.909791005291003	17.220489153439146
