3	-2.7374965930451136	29.344764567669177	2.8659030780075185
20	9.324748656905083	26.180044769830396	43.27601980406614
17	-6.697547625186943	38.29941184054458	11.845497240988092
5	23.27781184573003	24.69191524334252	17.47008787878788
6	11.020580789742432	30.98681311698626	7.764329626687847
8	-22.243016187050355	27.04457960298427	15.073638355981881
16	8.36458817895745	12.333580653988232	21.104022985360512
15	13.74169137380192	51.83446080937168	26.418117145899906
22	14.360269459425565	38.78735651574065	31.745964091308167
4	-0.6057867825542242	19.552172500195756	32.61946535118628
2	-13.307865147783252	29.65571366995074	12.287956896551725
11	6.9202413853419635	20.791089644918664	39.458872835403184
12	6.662767125927352	15.245167357163504	8.966802004046633
13	4.590405026500256	55.86432296118994	15.22352367926141
1	20.764468565815317	22.737693516699405	41.71415127701374
14	14.491208466841439	44.52702524516945	8.148751140887468
19	-17.62851248606466	9.455482943143814	12.347673913043478
7	0.17032436767427514	8.671019740900677	29.46954793337446
10	-13.215821637426904	10.234419298245612	21.671619152046784
18	-3.7958437279774486	45.59360588442565	34.684850951374194
21	-10.272083606221855	48.46111021285306	30.697789602947196
9	1.5611966512290705	55.15255254720342	27.108426968293553
